ID	GeneID	geneSymbol	chr	strand	longExonStart_0base	longExonEnd	shortES	shortEE	flankingES	flankingEE	ID	IJC_SAMPLE_1	SJC_SAMPLE_1	IJC_SAMPLE_2	SJC_SAMPLE_2	IncFormLen	SkipFormLen	PValue	FDR	IncLevel1	IncLevel2	IncLevelDifference
58	"ENSG00000147224.13"	"PRPS1"	chrX	+	107628427	107628750	107628427	107628482	107639294	107639478	58	0,1,1	0,0,0	0,0,0	0,0,4	198	99	1	1.0	NA,1.0,1.0	NA,NA,0.0	1.0
79	"ENSG00000147162.15"	"OGT"	chrX	+	71544566	71545037	71544566	71544635	71547906	71548023	79	0,1,8	0,0,0	0,0,0	0,0,2	198	99	1	1.0	NA,1.0,1.0	NA,NA,0.0	1.0
95	"ENSG00000086758.17"	"HUWE1"	chrX	-	53543840	53543968	53543885	53543968	53542442	53542539	95	0,0,4	0,1,0	2,0,0	1,0,0	144	99	1	1.0	NA,0.0,1.0	0.579,NA,NA	-0.079
97	"ENSG00000126012.13"	"KDM5C"	chrX	-	53193772	53193851	53193781	53193851	53193436	53193636	97	2,0,1	0,0,2	4,0,1	0,1,1	108	99	1	1.0	1.0,NA,0.314	1.0,0.0,0.478	0.164
109	"ENSG00000068400.14"	"GRIPAP1"	chrX	-	49001998	49002264	49002187	49002264	48999437	48999504	109	0,3,0	0,2,1	0,0,0	1,0,0	198	99	1	1.0	NA,0.429,0.0	0.0,NA,NA	0.214
176	"ENSG00000183569.18"	"SERHL2"	chr22	+	42571120	42571901	42571120	42571203	42572435	42572529	176	0,0,0	0,0,1	0,1,0	0,0,0	198	99	1	1.0	NA,NA,0.0	NA,1.0,NA	-1.0
189	"ENSG00000239900.14"	"ADSL"	chr22	+	40361487	40361666	40361487	40361635	40362980	40363071	189	0,0,1	0,0,4	0,0,1	0,0,1	130	99	1	1.0	NA,NA,0.16	NA,NA,0.432	-0.272
190	"ENSG00000239900.14"	"ADSL"	chr22	+	40361487	40361677	40361487	40361635	40362980	40363071	190	0,0,1	0,0,4	0,0,1	0,0,1	141	99	1	1.0	NA,NA,0.149	NA,NA,0.413	-0.264
192	"ENSG00000100242.16"	"SUN2"	chr22	-	38740888	38741050	38741006	38741050	38740266	38740432	192	3,0,0	0,1,0	1,0,0	0,0,0	198	99	1	1.0	1.0,0.0,NA	1.0,NA,NA	-0.5
194	"ENSG00000124486.15"	"USP9X"	chrX	+	41229566	41229827	41229566	41229779	41230500	41230596	194	0,0,1	0,1,3	0,0,0	0,0,1	147	99	1	1.0	NA,0.0,0.183	NA,NA,0.0	0.091
247	"ENSG00000099949.22"	"LZTR1"	chr22	+	20990385	20990969	20990385	20990525	20991627	20991829	247	0,0,1	0,1,0	0,0,0	1,0,0	198	99	1	1.0	NA,0.0,1.0	0.0,NA,NA	0.5
250	"ENSG00000291033.1"	"TXLNGY"	chrY	+	19567349	19567570	19567349	19567482	19587209	19587507	250	0,1,0	0,0,0	0,0,0	1,0,0	187	99	1	1.0	NA,1.0,NA	0.0,NA,NA	1.0
265	"ENSG00000160226.16"	"CFAP410"	chr21	-	44330462	44330916	44330822	44330916	44329890	44330326	265	0,0,0	0,1,0	1,0,0	0,0,0	198	99	1	1.0	NA,0.0,NA	1.0,NA,NA	-1.0
266	"ENSG00000160226.16"	"CFAP410"	chr21	-	44334060	44335804	44335757	44335804	44333032	44333262	266	0,1,2	0,0,0	1,0,0	2,0,0	198	99	1	1.0	NA,1.0,1.0	0.2,NA,NA	0.8
268	"ENSG00000160193.12"	"WDR4"	chr21	-	42873550	42873691	42873602	42873691	42863439	42863596	268	0,1,1	0,0,0	0,0,0	1,0,0	151	99	1	1.0	NA,1.0,1.0	0.0,NA,NA	1.0
286	"ENSG00000159086.15"	"PAXBP1"	chr21	-	32755212	32755353	32755229	32755353	32751118	32751218	286	0,0,3	0,0,0	0,0,0	0,0,1	116	99	1	1.0	NA,NA,1.0	NA,NA,0.0	1.0
314	"ENSG00000101017.15"	"CD40"	chr20	+	46126639	46126741	46126639	46126701	46128137	46128224	314	0,0,1	0,0,2	0,0,0	0,0,2	139	99	1	1.0	NA,NA,0.263	NA,NA,0.0	0.263
317	"ENSG00000101109.13"	"STK4"	chr20	+	45000391	45000586	45000391	45000520	45001166	45001353	317	0,1,1	0,0,5	0,0,0	1,0,2	165	99	1	1.0	NA,1.0,0.107	0.0,NA,0.0	0.553
319	"ENSG00000184402.15"	"SS18L1"	chr20	+	62158671	62158942	62158671	62158748	62159876	62159961	319	0,0,1	0,0,1	0,0,0	0,0,1	198	99	1	1.0	NA,NA,0.333	NA,NA,0.0	0.333
325	"ENSG00000185513.18"	"L3MBTL1"	chr20	+	43530283	43532924	43530283	43530889	43533341	43533418	325	0,0,0	0,0,1	1,0,0	0,0,0	198	99	1	1.0	NA,NA,0.0	1.0,NA,NA	-1.0
345	"ENSG00000196756.15"	"SNHG17"	chr20	-	38435026	38435328	38435196	38435328	38434503	38434626	345	0,5,0	3,0,1	0,0,0	4,0,0	198	99	1	1.0	0.0,1.0,0.0	0.0,NA,NA	0.333
367	"ENSG00000101294.19"	"HM13"	chr20	+	31538178	31538359	31538178	31538261	31544946	31545035	367	0,1,1	1,0,1	0,2,0	0,0,0	197	99	1	1.0	0.0,1.0,0.334	NA,1.0,NA	-0.555
369	"ENSG00000101294.19"	"HM13"	chr20	+	31538178	31538554	31538178	31538359	31544946	31545035	369	0,0,1	0,0,0	0,0,0	0,2,0	198	99	1	1.0	NA,NA,1.0	NA,0.0,NA	1.0
371	"ENSG00000291100.1"	"ENSG00000291100"	chr20	-	28601602	28601756	28601656	28601756	28600391	28600461	371	0,0,1	0,2,4	0,0,0	1,1,0	153	99	1	1.0	NA,0.0,0.139	0.0,0.0,NA	0.07
372	"ENSG00000291100.1"	"ENSG00000291100"	chr20	-	28602319	28602769	28602608	28602769	28600391	28600461	372	0,0,2	0,1,8	1,0,0	0,0,3	198	99	1	1.0	NA,0.0,0.111	1.0,NA,0.0	-0.445
373	"ENSG00000291100.1"	"ENSG00000291100"	chr20	-	28602319	28602769	28602608	28602769	28601602	28601756	373	0,0,0	0,5,4	1,0,0	1,1,0	198	99	1	1.0	NA,0.0,0.0	0.333,0.0,NA	-0.167
382	"ENSG00000171365.17"	"CLCN5"	chrX	+	49923406	49923741	49923406	49923482	49925170	49925314	382	1,3,1	0,3,0	0,0,0	1,0,0	198	99	1	1.0	1.0,0.333,1.0	0.0,NA,NA	0.778
403	"ENSG00000089063.15"	"TMEM230"	chr20	-	5109157	5109445	5109331	5109445	5106187	5106310	403	0,0,1	1,1,3	0,0,0	0,0,2	198	99	1	1.0	0.0,0.0,0.143	NA,NA,0.0	0.048
404	"ENSG00000125779.24"	"PANK2"	chr20	+	3907925	3908278	3907925	3908135	3910576	3910830	404	0,0,2	0,1,2	0,0,1	1,0,1	198	99	1	1.0	NA,0.0,0.333	0.0,NA,0.333	0.0
415	"ENSG00000125826.22"	"RBCK1"	chr20	+	420870	421031	420870	421006	422126	422238	415	0,2,3	0,0,0	3,0,2	1,0,0	124	99	1	1.0	NA,1.0,1.0	0.705,NA,1.0	0.147
424	"ENSG00000178935.5"	"ZNF552"	chr19	-	57814532	57814913	57814710	57814913	57813293	57813420	424	0,1,0	0,0,0	0,0,0	1,0,0	198	99	1	1.0	NA,1.0,NA	0.0,NA,NA	1.0
459	"ENSG00000062822.16"	"POLD1"	chr19	+	50415437	50415602	50415437	50415590	50415723	50415826	459	0,0,1	0,1,0	0,0,0	1,0,0	111	99	1	1.0	NA,0.0,1.0	0.0,NA,NA	0.5
467	"ENSG00000104852.15"	"SNRNP70"	chr19	+	49102113	49103587	49102113	49102173	49104633	49104735	467	0,3,6	1,0,0	0,0,2	0,0,1	198	99	1	1.0	0.0,1.0,1.0	NA,NA,0.5	0.167
490	"ENSG00000125755.19"	"SYMPK"	chr19	-	45828969	45829205	45829054	45829205	45827836	45827918	490	1,1,2	0,0,1	3,0,3	0,0,0	184	99	1	1.0	1.0,1.0,0.518	1.0,NA,1.0	-0.161
546	"ENSG00000178982.10"	"EIF3K"	chr19	+	38619195	38619327	38619195	38619317	38620336	38620435	546	1,4,6	0,0,0	0,2,0	1,0,0	109	99	1	1.0	1.0,1.0,1.0	0.0,1.0,NA	0.5
563	"ENSG00000272333.8"	"KMT2B"	chr19	+	35727437	35727622	35727437	35727592	35727697	35727787	563	1,1,0	0,0,0	2,2,2	3,0,0	129	99	1	1.0	1.0,1.0,NA	0.338,1.0,1.0	0.221
578	"ENSG00000105220.17"	"GPI"	chr19	+	34381465	34381598	34381465	34381519	34393247	34393308	578	0,0,1	0,2,2	0,0,0	0,0,2	178	99	1	1.0	NA,0.0,0.218	NA,NA,0.0	0.109
597	"ENSG00000089639.11"	"GMIP"	chr19	-	19642534	19642619	19642536	19642619	19641975	19642051	597	2,3,5	0,1,1	4,3,5	0,0,2	101	99	1	1.0	1.0,0.746,0.831	1.0,1.0,0.71	-0.044
608	"ENSG00000099308.13"	"MAST3"	chr19	+	18146880	18147044	18146880	18147017	18147442	18147624	608	0,1,0	0,3,3	0,0,0	0,0,1	126	99	1	1.0	NA,0.208,0.0	NA,NA,0.0	0.104
616	"ENSG00000130475.16"	"FCHO1"	chr19	+	17774238	17774287	17774238	17774283	17774393	17774478	616	0,0,2	2,1,1	0,0,0	1,0,0	103	99	1	1.0	0.0,0.0,0.658	0.0,NA,NA	0.219
617	"ENSG00000130475.16"	"FCHO1"	chr19	+	17784102	17784363	17784102	17784235	17784724	17784924	617	0,0,0	3,1,3	2,0,0	2,0,0	198	99	1	1.0	0.0,0.0,0.0	0.333,NA,NA	-0.333
625	"ENSG00000011243.19"	"AKAP8L"	chr19	-	15398629	15399410	15399301	15399410	15397713	15397855	625	0,0,6	0,0,3	0,0,1	0,0,0	198	99	1	1.0	NA,NA,0.5	NA,NA,1.0	-0.5
630	"ENSG00000289720.1"	"ENSG00000289720"	chr20	+	34477771	34477906	34477771	34477860	34479629	34479789	630	0,0,1	0,1,1	0,0,0	2,0,0	145	99	1	1.0	NA,0.0,0.406	0.0,NA,NA	0.203
632	"ENSG00000104907.13"	"TRMT1"	chr19	-	13112895	13113011	13112908	13113011	13112704	13112817	632	0,0,3	0,0,0	0,0,0	0,0,1	112	99	1	1.0	NA,NA,1.0	NA,NA,0.0	1.0
637	"ENSG00000179218.15"	"CALR"	chr19	+	12940743	12940975	12940743	12940887	12943536	12943629	637	4,0,0	0,0,4	0,0,0	1,1,3	187	99	1	1.0	1.0,NA,0.0	0.0,0.0,0.0	0.5
638	"ENSG00000179115.11"	"FARSA"	chr19	-	12928534	12928663	12928572	12928663	12928341	12928457	638	0,1,4	0,0,2	3,1,1	0,0,0	137	99	1	1.0	NA,1.0,0.591	1.0,1.0,1.0	-0.205
639	"ENSG00000105607.13"	"GCDH"	chr19	+	12891486	12891660	12891486	12891522	12891830	12891974	639	0,2,1	1,1,0	4,1,0	0,0,0	198	99	1	1.0	0.0,0.5,1.0	1.0,1.0,NA	-0.5
646	"ENSG00000095059.17"	"DHPS"	chr19	-	12680149	12680325	12680160	12680325	12679800	12679922	646	0,0,1	0,0,0	0,0,0	1,0,0	110	99	1	1.0	NA,NA,1.0	0.0,NA,NA	1.0
648	"ENSG00000095059.17"	"DHPS"	chr19	-	12680160	12680325	12680195	12680325	12679800	12679922	648	0,0,0	0,0,3	1,0,0	0,0,0	134	99	1	1.0	NA,NA,0.0	1.0,NA,NA	-1.0
680	"ENSG00000167785.9"	"ZNF558"	chr19	-	8821441	8822091	8822002	8822091	8821179	8821306	680	0,2,0	0,0,0	0,0,1	0,4,0	198	99	1	1.0	NA,1.0,NA	NA,0.0,1.0	0.5
696	"ENSG00000130254.12"	"SAFB2"	chr19	-	5616127	5616335	5616131	5616335	5613464	5613527	696	0,1,1	1,0,4	2,0,0	0,0,0	103	99	1	1.0	0.0,1.0,0.194	1.0,NA,NA	-0.602
702	"ENSG00000133275.16"	"CSNK1G2"	chr19	+	1979494	1979643	1979494	1979618	1979751	1979835	702	3,9,10	0,0,2	6,1,2	0,0,2	124	99	0.711709369808	1.0	1.0,1.0,0.8	1.0,1.0,0.444	0.119
712	"ENSG00000064687.13"	"ABCA7"	chr19	+	1056906	1057429	1056906	1057084	1057914	1058059	712	4,0,7	0,1,1	2,0,1	0,0,0	198	99	1	1.0	1.0,0.0,0.778	1.0,NA,1.0	-0.407
728	"ENSG00000172175.16"	"MALT1"	chr18	+	58734306	58734566	58734306	58734381	58735201	58735329	728	0,1,0	0,0,1	0,0,0	2,0,0	198	99	1	1.0	NA,1.0,0.0	0.0,NA,NA	0.5
735	"ENSG00000196628.20"	"TCF4"	chr18	-	55232508	55232671	55232520	55232671	55228846	55229076	735	0,2,7	0,5,1	2,0,0	0,0,0	111	99	1	1.0	NA,0.263,0.862	1.0,NA,NA	-0.438
737	"ENSG00000196628.20"	"TCF4"	chr18	-	55586920	55587136	55587044	55587136	55585279	55585352	737	0,0,5	6,7,10	2,0,0	8,0,5	198	99	1	1.0	0.0,0.0,0.2	0.111,NA,0.0	0.011
753	"ENSG00000152234.16"	"ATP5F1A"	chr18	-	46094979	46095131	46095052	46095131	46091681	46091851	753	0,0,0	4,1,2	0,0,1	0,0,1	172	99	1	1.0	0.0,0.0,0.0	NA,NA,0.365	-0.365
777	"ENSG00000101745.17"	"ANKRD12"	chr18	+	9208656	9208803	9208656	9208797	9211583	9211784	777	0,6,11	0,0,0	2,1,2	0,0,6	105	99	1	1.0	NA,1.0,1.0	1.0,1.0,0.239	0.254
792	"ENSG00000141562.19"	"NARF"	chr17	+	82459991	82460323	82459991	82460072	82464286	82464430	792	0,0,1	0,0,0	0,0,0	3,0,0	198	99	1	1.0	NA,NA,1.0	0.0,NA,NA	1.0
796	"ENSG00000176155.21"	"CCDC57"	chr17	-	82188189	82188419	82188218	82188419	82183773	82183932	796	0,0,1	0,0,1	0,0,3	2,0,0	128	99	1	1.0	NA,NA,0.436	0.0,NA,1.0	-0.064
802	"ENSG00000169718.18"	"DUS1L"	chr17	-	82061556	82061721	82061617	82061721	82061208	82061353	802	0,0,0	1,3,5	1,0,0	0,0,1	160	99	1	1.0	0.0,0.0,0.0	1.0,NA,0.0	-0.5
815	"ENSG00000185624.16"	"P4HB"	chr17	-	81858494	81859387	81859180	81859387	81855452	81855586	815	1,1,0	4,3,5	0,0,0	0,1,0	198	99	1	1.0	0.111,0.143,0.0	NA,0.0,NA	0.085
817	"ENSG00000185624.16"	"P4HB"	chr17	-	81858934	81859387	81859180	81859387	81855452	81855586	817	1,1,0	4,3,5	0,0,0	0,1,0	198	99	1	1.0	0.111,0.143,0.0	NA,0.0,NA	0.085
825	"ENSG00000185504.17"	"FAAP100"	chr17	-	81551731	81552052	81551927	81552052	81550247	81551203	825	0,5,0	2,3,1	0,0,0	1,0,1	198	99	1	1.0	0.0,0.455,0.0	0.0,NA,0.0	0.152
831	"ENSG00000108679.13"	"LGALS3BP"	chr17	-	78976994	78977214	78977139	78977214	78975964	78976156	831	0,0,0	1,1,0	1,0,0	0,1,0	198	99	1	1.0	0.0,0.0,NA	1.0,0.0,NA	-0.5
834	"ENSG00000089685.15"	"BIRC5"	chr17	+	78215965	78216066	78215965	78216034	78216663	78216781	834	0,0,0	0,0,1	0,0,4	0,0,0	131	99	1	1.0	NA,NA,0.0	NA,NA,1.0	-1.0
845	"ENSG00000167895.16"	"TMC8"	chr17	+	78137234	78137358	78137234	78137323	78137716	78137814	845	0,0,3	0,0,0	0,0,0	0,1,1	134	99	1	1.0	NA,NA,1.0	NA,0.0,0.0	1.0
854	"ENSG00000266714.11"	"MYO15B"	chr17	+	75624542	75624688	75624542	75624639	75624770	75624916	854	0,0,1	0,2,8	0,0,0	0,0,2	148	99	1	1.0	NA,0.0,0.077	NA,NA,0.0	0.038
856	"ENSG00000177728.17"	"TMEM94"	chr17	+	75491302	75491467	75491302	75491455	75491690	75491900	856	0,0,4	0,2,0	0,0,0	0,0,1	111	99	1	1.0	NA,0.0,1.0	NA,NA,0.0	0.5
860	"ENSG00000125454.12"	"SLC25A19"	chr17	-	75288387	75288591	75288501	75288591	75286632	75286802	860	0,0,2	0,0,1	0,2,0	0,0,0	198	99	1	1.0	NA,NA,0.5	NA,1.0,NA	-0.5
862	"ENSG00000125458.7"	"NT5C"	chr17	-	75130964	75131105	75131044	75131105	75130752	75130867	862	2,0,1	0,2,0	0,0,1	0,0,0	179	99	1	1.0	1.0,0.0,1.0	NA,NA,1.0	-0.333
875	"ENSG00000291117.1"	"ENSG00000291117"	chr17	-	64787111	64787311	64787247	64787311	64786566	64786724	875	0,0,2	1,1,9	0,0,0	0,0,1	198	99	1	1.0	0.0,0.0,0.1	NA,NA,0.0	0.033
876	"ENSG00000258890.8"	"CEP95"	chr17	+	64530925	64531022	64530925	64531018	64531889	64532022	876	0,0,1	0,0,0	0,0,0	1,0,0	103	99	1	1.0	NA,NA,1.0	0.0,NA,NA	1.0
919	"ENSG00000108798.9"	"ABI3"	chr17	+	49216530	49216698	49216530	49216680	49217738	49217915	919	0,0,1	0,0,0	0,0,0	0,2,0	117	99	1	1.0	NA,NA,1.0	NA,0.0,NA	1.0
943	"ENSG00000225190.12"	"PLEKHM1"	chr17	-	45482432	45482525	45482436	45482525	45477899	45478147	943	0,0,2	2,5,5	0,0,0	1,0,0	103	99	1	1.0	0.0,0.0,0.278	0.0,NA,NA	0.093
973	"ENSG00000131462.9"	"TUBG1"	chr17	+	42613848	42614136	42613848	42613998	42614259	42614412	973	0,0,1	0,3,1	0,0,0	2,0,0	198	99	1	1.0	NA,0.0,0.333	0.0,NA,NA	0.167
985	"ENSG00000168259.17"	"DNAJC7"	chr17	-	42016586	42017151	42017039	42017151	42000481	42000570	985	0,0,2	0,0,0	0,0,0	0,0,2	198	99	1	1.0	NA,NA,1.0	NA,NA,0.0	1.0
986	"ENSG00000168259.17"	"DNAJC7"	chr17	-	42016586	42017151	42017051	42017151	42000481	42000570	986	0,0,2	0,3,0	0,0,0	0,0,1	198	99	1	1.0	NA,0.0,1.0	NA,NA,0.0	0.5
987	"ENSG00000168259.17"	"DNAJC7"	chr17	-	42017039	42017151	42017051	42017151	42000481	42000570	987	0,0,0	0,3,0	0,0,2	0,0,1	111	99	1	1.0	NA,0.0,NA	NA,NA,0.641	-0.641
994	"ENSG00000131748.16"	"STARD3"	chr17	+	39657774	39657852	39657774	39657839	39657972	39658026	994	0,0,2	0,0,1	0,1,0	0,0,0	112	99	1	1.0	NA,NA,0.639	NA,1.0,NA	-0.361
1030	"ENSG00000130175.10"	"PRKCSH"	chr19	+	11447438	11447618	11447438	11447597	11447692	11447789	1030	0,3,2	0,0,1	2,0,0	0,0,0	120	99	1	1.0	NA,1.0,0.623	1.0,NA,NA	-0.189
1064	"ENSG00000175061.20"	"SNHG29"	chr17	+	16439326	16439703	16439326	16439414	16440184	16440253	1064	0,8,1	6,0,9	1,1,1	1,2,2	198	99	0.466347587451	1.0	0.0,1.0,0.053	0.333,0.2,0.2	0.107
1067	"ENSG00000011295.16"	"TTC19"	chr17	+	16000117	16000382	16000117	16000245	16001914	16002025	1067	0,2,1	0,3,0	0,0,2	0,0,2	198	99	1	1.0	NA,0.25,1.0	NA,NA,0.333	0.292
1083	"ENSG00000178971.17"	"CTC1"	chr17	-	8228726	8229446	8229301	8229446	8228502	8228629	1083	0,0,3	0,0,0	0,0,1	2,0,0	198	99	1	1.0	NA,NA,1.0	0.0,NA,1.0	0.5
1120	"ENSG00000091592.17"	"NLRP1"	chr17	-	5583686	5584496	5584292	5584496	5582669	5582846	1120	0,4,0	0,1,0	2,0,0	0,0,0	198	99	1	1.0	NA,0.667,NA	1.0,NA,NA	-0.333
1146	"ENSG00000108953.17"	"YWHAE"	chr17	-	1361901	1362008	1361929	1362008	1361091	1361298	1146	1,0,7	0,0,1	5,0,1	0,0,0	127	99	1	1.0	1.0,NA,0.845	1.0,NA,1.0	-0.078
1160	"ENSG00000158805.12"	"ZNF276"	chr16	+	89727278	89727357	89727278	89727325	89729234	89729318	1160	1,8,2	1,4,7	1,0,0	2,0,2	131	99	1	1.0	0.43,0.602,0.178	0.274,NA,0.0	0.266
1161	"ENSG00000185324.22"	"CDK10"	chr16	+	89689251	89689324	89689251	89689306	89690552	89690624	1161	0,3,4	1,0,0	0,0,2	0,0,0	117	99	1	1.0	0.0,1.0,1.0	NA,NA,1.0	-0.333
1170	"ENSG00000104731.14"	"KLHDC4"	chr16	-	87756398	87756477	87756421	87756477	87755193	87755292	1170	0,1,2	0,0,0	0,0,0	0,6,0	122	99	1	1.0	NA,1.0,1.0	NA,0.0,NA	1.0
1189	"ENSG00000185359.14"	"HGS"	chr17	+	81696356	81696531	81696356	81696529	81696606	81696747	1189	0,1,0	0,0,0	1,1,0	0,0,3	101	99	1	1.0	NA,1.0,NA	1.0,1.0,0.0	0.333
1212	"ENSG00000103056.12"	"SMPD3"	chr16	-	68363776	68363866	68363800	68363866	68363495	68363559	1212	4,6,3	0,1,2	3,1,22	0,0,0	123	99	0.58518465202	1.0	1.0,0.828,0.547	1.0,1.0,1.0	-0.208
1224	"ENSG00000168676.11"	"KCTD19"	chr16	-	67295262	67296259	67296158	67296259	67294972	67295056	1224	0,0,1	0,0,1	0,0,1	0,0,0	198	99	1	1.0	NA,NA,0.333	NA,NA,1.0	-0.667
1233	"ENSG00000172831.14"	"CES2"	chr16	+	66942647	66942785	66942647	66942737	66943298	66943371	1233	0,2,2	1,0,0	2,0,0	0,0,0	147	99	1	1.0	0.0,1.0,1.0	1.0,NA,NA	-0.333
1245	"ENSG00000140853.17"	"NLRC5"	chr16	+	57028071	57028203	57028071	57028155	57028301	57028385	1245	0,1,0	5,2,0	1,0,0	1,0,0	147	99	1	1.0	0.0,0.252,NA	0.402,NA,NA	-0.276
1247	"ENSG00000070915.10"	"SLC12A3"	chr16	+	56892082	56892160	56892082	56892133	56892952	56893054	1247	0,0,0	1,1,1	0,0,1	2,0,2	126	99	1	1.0	0.0,0.0,0.0	0.0,NA,0.282	-0.141
1248	"ENSG00000187193.9"	"MT1X"	chr16	+	56683164	56683386	56683164	56683230	56683957	56684196	1248	0,0,1	2,2,1	0,0,0	0,0,1	198	99	1	1.0	0.0,0.0,0.333	NA,NA,0.0	0.111
1287	"ENSG00000290927.1"	"ENSG00000290927"	chr16	+	31703155	31703367	31703155	31703363	31704219	31704390	1287	0,0,2	0,0,1	2,0,1	1,0,0	103	99	1	1.0	NA,NA,0.658	0.658,NA,1.0	-0.171
1297	"ENSG00000196839.14"	"ADA"	chr20	-	44623006	44623078	44623033	44623078	44622828	44622930	1297	0,0,1	0,0,2	0,0,0	0,0,2	126	99	1	1.0	NA,NA,0.282	NA,NA,0.0	0.282
1302	"ENSG00000180096.13"	"SEPTIN1"	chr16	-	30379765	30380033	30379931	30380033	30379434	30379534	1302	1,1,3	0,1,1	0,0,1	1,2,0	198	99	0.00027308145013	0.16139113702683	1.0,0.333,0.6	0.0,0.0,1.0	0.311
1318	"ENSG00000168488.19"	"ATXN2L"	chr16	+	28835932	28836485	28835932	28836122	28836727	28837237	1318	1,0,3	0,0,1	0,2,0	0,0,0	198	99	1	1.0	1.0,NA,0.6	NA,1.0,NA	-0.2
1322	"ENSG00000188603.22"	"CLN3"	chr16	-	28491481	28491835	28491713	28491835	28489289	28489386	1322	1,1,1	0,0,0	2,0,0	5,0,0	198	99	1	1.0	1.0,1.0,1.0	0.167,NA,NA	0.833
1330	"ENSG00000103365.15"	"GGA2"	chr16	-	23495688	23495778	23495693	23495778	23494302	23494378	1330	0,0,1	0,2,0	0,0,0	2,0,0	104	99	1	1.0	NA,0.0,1.0	0.0,NA,NA	0.5
1331	"ENSG00000243716.12"	"NPIPB5"	chr16	+	22513521	22513610	22513521	22513600	22513763	22513921	1331	0,0,1	0,0,2	0,0,2	0,0,0	109	99	1	1.0	NA,NA,0.312	NA,NA,1.0	-0.688
1384	"ENSG00000260565.9"	"ERVK13-1"	chr16	-	2671023	2672570	2671344	2672570	2669410	2669561	1384	0,1,1	0,1,0	0,0,1	0,0,0	198	99	1	1.0	NA,0.333,1.0	NA,NA,1.0	-0.334
1408	"ENSG00000167962.15"	"ZNF598"	chr16	-	2001582	2001700	2001591	2001700	2001003	2001191	1408	1,0,1	0,0,0	0,0,0	1,0,0	108	99	1	1.0	1.0,NA,1.0	0.0,NA,NA	1.0
1418	"ENSG00000141503.17"	"MINK1"	chr17	+	4886450	4886626	4886450	4886617	4887109	4887179	1418	0,0,1	0,0,1	0,1,0	0,0,0	108	99	1	1.0	NA,NA,0.478	NA,1.0,NA	-0.522
1419	"ENSG00000103227.19"	"LMF1"	chr16	-	934189	934254	934243	934254	910930	911079	1419	0,0,1	0,2,0	0,0,0	0,0,2	153	99	1	1.0	NA,0.0,1.0	NA,NA,0.0	0.5
1425	"ENSG00000103266.11"	"STUB1"	chr16	+	681792	681903	681792	681880	682019	682076	1425	0,0,1	0,3,0	0,0,0	1,0,1	122	99	1	1.0	NA,0.0,1.0	0.0,NA,0.0	0.5
1468	"ENSG00000140598.16"	"EFL1"	chr15	-	82151450	82152423	82151464	82152423	82138657	82138842	1468	0,0,0	2,0,0	0,0,4	0,0,0	113	99	1	1.0	0.0,NA,NA	NA,NA,1.0	-1.0
1495	"ENSG00000213614.11"	"HEXA"	chr15	-	72353067	72355624	72355558	72355624	72351132	72351234	1495	0,4,4	0,0,1	1,0,0	0,0,0	198	99	1	1.0	NA,1.0,0.667	1.0,NA,NA	-0.166
1498	"ENSG00000137817.17"	"PARP6"	chr15	-	72265269	72265473	72265412	72265473	72265080	72265171	1498	0,1,0	0,1,6	0,0,0	1,4,0	198	99	1	1.0	NA,0.333,0.0	0.0,0.0,NA	0.167
1510	"ENSG00000140332.18"	"TLE3"	chr15	-	70074502	70074607	70074532	70074607	70066013	70066218	1510	0,0,1	0,0,2	0,0,0	2,0,0	129	99	1	1.0	NA,NA,0.277	0.0,NA,NA	0.277
1529	"ENSG00000047346.13"	"ATOSA"	chr15	-	52587055	52587219	52587150	52587219	52584744	52584944	1529	0,0,3	0,0,2	0,0,0	0,2,0	194	99	1	1.0	NA,NA,0.434	NA,0.0,NA	0.434
1536	"ENSG00000138592.14"	"USP8"	chr15	+	50424381	50424654	50424381	50424514	50439008	50439177	1536	0,0,1	0,0,0	2,2,0	0,1,1	198	99	1	1.0	NA,NA,1.0	1.0,0.5,0.0	0.5
1551	"ENSG00000104133.16"	"SPG11"	chr15	-	44596059	44596355	44596082	44596355	44595258	44595459	1551	0,0,0	0,2,1	1,0,0	2,0,1	122	99	1	1.0	NA,0.0,0.0	0.289,NA,0.0	-0.144
1561	"ENSG00000166946.14"	"CCNDBP1"	chr15	+	43185819	43186233	43185819	43185879	43189198	43189280	1561	0,1,1	0,0,0	0,0,1	1,0,0	198	99	1	1.0	NA,1.0,1.0	0.0,NA,1.0	0.5
1616	"ENSG00000226777.9"	"FAM30A"	chr14	+	105921062	105921258	105921062	105921248	105922198	105922344	1616	0,1,0	0,0,0	0,0,0	3,0,0	109	99	1	1.0	NA,1.0,NA	0.0,NA,NA	1.0
1671	"ENSG00000133943.21"	"DGLUCY"	chr14	+	91170002	91170201	91170002	91170186	91173288	91173439	1671	0,1,0	0,2,0	1,0,0	0,0,1	114	99	1	1.0	NA,0.303,NA	1.0,NA,0.0	-0.197
1676	"ENSG00000100722.20"	"ZC3H14"	chr14	+	88602827	88603060	88602827	88603045	88607242	88607363	1676	0,2,0	0,0,0	1,0,0	2,0,0	114	99	1	1.0	NA,1.0,NA	0.303,NA,NA	0.697
1733	"ENSG00000140521.18"	"POLG"	chr15	-	89317938	89318749	89318540	89318749	89317375	89317536	1733	0,0,1	0,2,3	0,0,0	0,1,1	198	99	1	1.0	NA,0.0,0.143	NA,0.0,0.0	0.071
1747	"ENSG00000100519.12"	"PSMC6"	chr14	+	52707201	52707529	52707201	52707304	52708308	52708388	1747	0,0,0	0,11,1	0,0,2	0,0,0	198	99	1	1.0	NA,0.0,0.0	NA,NA,1.0	-1.0
1749	"ENSG00000214900.13"	"LINC01588"	chr14	-	49999926	50000044	49999949	50000044	49992777	49992873	1749	1,0,0	2,1,1	0,2,0	1,0,2	122	99	0.340842194251	1.0	0.289,0.0,0.0	0.0,1.0,0.0	-0.237
1753	"ENSG00000214900.13"	"LINC01588"	chr14	-	50038705	50039257	50039014	50039257	50010933	50011026	1753	1,1,5	2,0,0	2,0,0	0,1,0	198	99	1	1.0	0.2,1.0,1.0	1.0,0.0,NA	0.233
1761	"ENSG00000112715.26"	"VEGFA"	chr6	+	43780731	43780854	43780731	43780803	43781955	43782087	1761	0,0,0	0,2,2	0,0,1	0,0,0	150	99	1	1.0	NA,0.0,0.0	NA,NA,1.0	-1.0
1771	"ENSG00000063046.18"	"EIF4B"	chr12	+	53034611	53034724	53034611	53034709	53037408	53037622	1771	1,0,0	1,1,12	0,0,0	1,0,2	114	99	1	1.0	0.465,0.0,0.0	0.0,NA,0.0	0.155
1775	"ENSG00000137200.13"	"CMTR1"	chr6	+	37475320	37475916	37475320	37475412	37476125	37476194	1775	0,0,1	0,1,0	0,0,1	1,0,0	198	99	1	1.0	NA,0.0,1.0	0.0,NA,1.0	0.0
1778	"ENSG00000104859.15"	"CLASRP"	chr19	+	45057749	45057898	45057749	45057882	45059267	45059364	1778	5,5,8	3,3,0	1,5,3	0,1,0	115	99	0.00165083500385	0.32521449575845	0.589,0.589,1.0	1.0,0.811,1.0	-0.211
1782	"ENSG00000204257.15"	"HLA-DMA"	chr6	-	32949270	32949399	32949273	32949399	32948612	32948868	1782	0,3,1	0,0,1	2,0,0	0,0,0	102	99	1	1.0	NA,1.0,0.493	1.0,NA,NA	-0.254
1802	"ENSG00000204387.14"	"SNHG32"	chr6	+	31834907	31835200	31834907	31835057	31835410	31835451	1802	2,0,4	0,0,1	2,0,1	0,0,0	198	99	1	1.0	1.0,NA,0.667	1.0,NA,1.0	-0.166
1832	"ENSG00000135597.19"	"REPS1"	chr6	-	138926400	138930098	138929976	138930098	138921036	138921124	1832	0,2,8	0,0,2	0,0,1	0,0,0	198	99	1	1.0	NA,1.0,0.667	NA,NA,1.0	-0.166
1843	"ENSG00000145979.18"	"TBC1D7"	chr6	-	13328295	13328531	13328315	13328531	13326786	13326906	1843	0,4,0	0,0,2	0,0,1	0,0,0	119	99	1	1.0	NA,1.0,0.0	NA,NA,1.0	-0.5
1844	"ENSG00000145979.18"	"TBC1D7"	chr6	-	13328295	13328531	13328455	13328531	13326786	13326906	1844	0,4,0	0,1,1	1,0,1	0,0,0	198	99	1	1.0	NA,0.667,0.0	1.0,NA,1.0	-0.666
1845	"ENSG00000145979.18"	"TBC1D7"	chr6	-	13328315	13328531	13328455	13328531	13326786	13326906	1845	0,0,2	0,1,1	1,0,0	0,0,0	198	99	1	1.0	NA,0.0,0.5	1.0,NA,NA	-0.75
1874	"ENSG00000075711.21"	"DLG1"	chr3	-	197138214	197138391	197138221	197138391	197136541	197136678	1874	0,2,0	0,2,1	0,0,0	0,0,1	106	99	1	1.0	NA,0.483,0.0	NA,NA,0.0	0.241
1875	"ENSG00000075711.21"	"DLG1"	chr3	-	197297543	197297699	197297672	197297699	197297185	197297235	1875	0,1,0	0,0,1	3,0,0	0,1,0	198	99	1	1.0	NA,1.0,0.0	1.0,0.0,NA	0.0
1877	"ENSG00000075711.21"	"DLG1"	chr3	-	197298417	197298612	197298535	197298612	197297185	197297235	1877	1,0,2	0,0,4	2,0,0	0,0,0	198	99	1	1.0	1.0,NA,0.2	1.0,NA,NA	-0.4
1906	"ENSG00000128191.17"	"DGCR8"	chr22	+	20085686	20086683	20085686	20086104	20087161	20087321	1906	2,2,1	0,0,0	1,0,0	0,2,0	198	99	1	1.0	1.0,1.0,1.0	1.0,0.0,NA	0.5
1908	"ENSG00000079432.9"	"CIC"	chr19	+	42294172	42294304	42294172	42294298	42294603	42294735	1908	1,1,2	0,1,0	2,0,0	3,0,0	105	99	1	1.0	1.0,0.485,1.0	0.386,NA,NA	0.442
1912	"ENSG00000159314.13"	"ARHGAP27"	chr17	-	45404923	45405106	45405027	45405106	45404600	45404681	1912	6,7,11	1,0,0	1,0,2	1,0,0	198	99	1	1.0	0.75,1.0,1.0	0.333,NA,1.0	0.25
1913	"ENSG00000159314.13"	"ARHGAP27"	chr17	-	45405675	45406083	45405846	45406083	45404923	45405106	1913	9,7,10	0,2,1	7,2,0	0,0,0	198	99	1	1.0	1.0,0.636,0.833	1.0,1.0,NA	-0.177
1935	"ENSG00000113649.14"	"TCERG1"	chr5	+	146482591	146482808	146482591	146482727	146483539	146483629	1935	0,0,0	4,1,0	0,0,4	0,0,0	180	99	1	1.0	0.0,0.0,NA	NA,NA,1.0	-1.0
1944	"ENSG00000108587.16"	"GOSR1"	chr17	+	30481142	30481263	30481142	30481257	30484213	30484301	1944	2,1,0	1,2,1	0,0,0	1,0,2	105	99	1	1.0	0.653,0.32,0.0	0.0,NA,0.0	0.324
1955	"ENSG00000111642.16"	"CHD4"	chr12	-	6573070	6573269	6573073	6573269	6570868	6571032	1955	0,2,0	0,4,6	0,0,0	0,1,0	102	99	1	1.0	NA,0.327,0.0	NA,0.0,NA	0.164
1957	"ENSG00000111642.16"	"CHD4"	chr12	-	6581037	6581173	6581043	6581173	6578845	6578917	1957	0,0,1	1,6,1	0,0,1	6,0,4	105	99	1	1.0	0.0,0.0,0.485	0.0,NA,0.191	0.066
1959	"ENSG00000111642.16"	"CHD4"	chr12	-	6587660	6587949	6587711	6587949	6587383	6587559	1959	0,1,1	0,2,3	0,0,0	2,2,1	150	99	1	1.0	NA,0.248,0.18	0.0,0.0,0.0	0.214
1963	"ENSG00000043143.22"	"JADE2"	chr5	+	134535857	134536022	134535857	134535915	134537988	134538083	1963	0,0,0	0,1,0	0,0,2	0,0,0	198	99	1	1.0	NA,0.0,NA	NA,NA,1.0	-1.0
1982	"ENSG00000080815.20"	"PSEN1"	chr14	+	73211768	73211985	73211768	73211942	73217125	73217244	1982	0,1,0	0,0,2	0,0,0	0,0,1	142	99	1	1.0	NA,1.0,0.0	NA,NA,0.0	0.5
1993	"ENSG00000185885.17"	"IFITM1"	chr11	+	314039	314392	314039	314356	314921	315272	1993	0,0,0	0,0,2	3,0,0	0,2,1	135	99	1	1.0	NA,NA,0.0	1.0,0.0,0.0	-0.333
1997	"ENSG00000070756.17"	"PABPC1"	chr8	-	100715461	100715601	100715470	100715601	100713086	100713181	1997	11,10,39	0,0,1	12,2,9	1,0,0	108	99	1	1.0	1.0,1.0,0.973	0.917,1.0,1.0	0.019
2040	"ENSG00000168002.12"	"POLR2G"	chr11	+	62761794	62762184	62761794	62761904	62762866	62763026	2040	0,1,0	0,0,2	0,0,0	0,0,2	198	99	1	1.0	NA,1.0,0.0	NA,NA,0.0	0.5
2041	"ENSG00000214655.11"	"ZSWIM8"	chr10	+	73793587	73793719	73793587	73793698	73793864	73794044	2041	1,4,6	0,0,1	4,0,6	0,0,0	120	99	1	1.0	1.0,1.0,0.832	1.0,NA,1.0	-0.056
2043	"ENSG00000214655.11"	"ZSWIM8"	chr10	+	73800010	73800194	73800010	73800170	73800295	73800472	2043	0,1,2	1,1,3	0,0,1	0,0,1	123	99	1	1.0	0.0,0.446,0.349	NA,NA,0.446	-0.181
2046	"ENSG00000145741.17"	"BTF3"	chr5	+	73498441	73498799	73498441	73498558	73499133	73499202	2046	0,0,0	0,4,11	0,2,0	0,2,0	198	99	1	1.0	NA,0.0,0.0	NA,0.333,NA	-0.333
2051	"ENSG00000124782.21"	"RREB1"	chr6	+	7181123	7182082	7181123	7181246	7187433	7187523	2051	3,7,14	0,1,1	1,1,1	0,0,0	198	99	1	1.0	1.0,0.778,0.875	1.0,1.0,1.0	-0.116
2064	"ENSG00000068796.19"	"KIF2A"	chr5	+	62352587	62352710	62352587	62352653	62353274	62353375	2064	0,1,2	0,0,1	0,0,0	0,0,1	156	99	1	1.0	NA,1.0,0.559	NA,NA,0.0	0.78
2088	"ENSG00000132676.16"	"DAP3"	chr1	+	155689090	155689243	155689090	155689174	155709772	155709824	2088	0,0,0	0,0,2	1,0,0	1,0,0	168	99	1	1.0	NA,NA,0.0	0.371,NA,NA	-0.371
2103	"ENSG00000086189.11"	"DIMT1"	chr5	-	62403667	62403902	62403693	62403902	62403272	62403346	2103	0,0,1	0,2,4	0,0,0	1,0,1	125	99	1	1.0	NA,0.0,0.165	0.0,NA,0.0	0.083
2122	"ENSG00000137106.18"	"GRHPR"	chr9	+	37422695	37422833	37422695	37422805	37424844	37424975	2122	0,0,2	0,0,1	2,0,0	0,0,0	127	99	1	1.0	NA,NA,0.609	1.0,NA,NA	-0.391
2123	"ENSG00000112851.16"	"ERBIN"	chr5	+	66044136	66044310	66044136	66044298	66046352	66046538	2123	0,0,4	0,0,1	0,0,1	0,0,0	111	99	1	1.0	NA,NA,0.781	NA,NA,1.0	-0.219
2162	"ENSG00000168538.16"	"TRAPPC11"	chr4	+	183674712	183674870	183674712	183674812	183675163	183675237	2162	0,0,1	0,0,0	0,0,0	0,0,1	157	99	1	1.0	NA,NA,1.0	NA,NA,0.0	1.0
2174	"ENSG00000090621.15"	"PABPC4"	chr1	-	39564422	39564542	39564470	39564542	39562322	39563922	2174	0,0,0	0,1,0	1,0,2	0,0,0	147	99	1	1.0	NA,0.0,NA	1.0,NA,1.0	-1.0
2177	"ENSG00000090621.15"	"PABPC4"	chr1	-	39571096	39571349	39571233	39571349	39569862	39570002	2177	4,0,2	0,0,3	0,0,0	1,0,0	198	99	1	1.0	1.0,NA,0.25	0.0,NA,NA	0.625
2188	"ENSG00000167272.11"	"POP5"	chr12	-	120580995	120581257	120581114	120581257	120579773	120579923	2188	0,0,0	0,0,2	2,0,0	0,0,0	198	99	1	1.0	NA,NA,0.0	1.0,NA,NA	-1.0
2219	"ENSG00000140464.20"	"PML"	chr15	+	74033155	74033422	74033155	74033414	74034477	74034530	2219	0,0,0	1,0,3	0,2,0	0,0,2	107	99	1	1.0	0.0,NA,0.0	NA,1.0,0.0	-0.5
2241	"ENSG00000061936.10"	"SFSWAP"	chr12	+	131714070	131714240	131714070	131714193	131714821	131714953	2241	0,0,1	0,0,3	0,0,0	0,2,1	146	99	1	1.0	NA,NA,0.184	NA,0.0,0.0	0.184
2312	"ENSG00000197912.16"	"SPG7"	chr16	+	89554485	89556085	89554485	89554563	89556886	89557173	2312	0,0,1	1,0,4	0,0,0	0,1,1	198	99	1	1.0	0.0,NA,0.111	NA,0.0,0.0	0.056
2373	"ENSG00000196730.13"	"DAPK1"	chr9	+	87497680	87498107	87497680	87497772	87498969	87499139	2373	0,0,0	0,1,0	0,2,0	0,0,0	198	99	1	1.0	NA,0.0,NA	NA,1.0,NA	-1.0
2380	"ENSG00000100241.22"	"SBF1"	chr22	-	50455478	50455582	50455480	50455582	50455223	50455409	2380	0,1,0	0,0,2	0,0,0	1,0,0	101	99	1	1.0	NA,1.0,0.0	0.0,NA,NA	0.5
2390	"ENSG00000127184.13"	"COX7C"	chr5	+	86617940	86618130	86617940	86618053	86619352	86619496	2390	2,5,1	0,0,2	4,2,1	0,0,0	176	99	0.459744774465	1.0	1.0,1.0,0.22	1.0,1.0,1.0	-0.26
2394	"ENSG00000164053.22"	"ATRIP"	chr3	+	48446736	48447092	48446736	48446799	48450036	48450170	2394	0,0,1	2,0,0	1,0,1	0,0,0	198	99	1	1.0	0.0,NA,1.0	1.0,NA,1.0	-0.5
2410	"ENSG00000140416.25"	"TPM1"	chr15	+	63043705	63044152	63043705	63043831	63056984	63057118	2410	5,0,10	0,1,1	6,6,19	0,0,0	198	99	1	1.0	1.0,0.0,0.833	1.0,1.0,1.0	-0.389
2429	"ENSG00000040933.16"	"INPP4A"	chr2	+	98555552	98555808	98555552	98555691	98559462	98559495	2429	3,11,22	0,0,2	0,0,4	0,0,0	198	99	1	1.0	1.0,1.0,0.846	NA,NA,1.0	-0.051
2430	"ENSG00000040933.16"	"INPP4A"	chr2	+	98568570	98568689	98568570	98568668	98572814	98572927	2430	0,0,1	2,4,8	0,0,0	2,0,0	120	99	1	1.0	0.0,0.0,0.093	0.0,NA,NA	0.031
2451	"ENSG00000127419.17"	"TMEM175"	chr4	+	948115	948615	948115	948154	950420	950518	2451	0,0,3	0,0,2	0,0,0	1,0,1	198	99	1	1.0	NA,NA,0.429	0.0,NA,0.0	0.429
2479	"ENSG00000132334.17"	"PTPRE"	chr10	+	128070807	128071741	128070807	128070901	128072137	128072214	2479	1,2,3	2,4,4	0,0,0	1,0,0	198	99	1	1.0	0.2,0.2,0.273	0.0,NA,NA	0.224
2490	"ENSG00000175866.16"	"BAIAP2"	chr17	+	81053667	81053791	81053667	81053743	81057880	81057967	2490	0,2,0	1,6,14	0,0,0	4,0,12	147	99	1	1.0	0.0,0.183,0.0	0.0,NA,0.0	0.061
2491	"ENSG00000175866.16"	"BAIAP2"	chr17	+	81085653	81085725	81085653	81085715	81086442	81086580	2491	1,4,19	0,2,1	2,2,6	2,0,0	109	99	0.698391963075	1.0	1.0,0.645,0.945	0.476,1.0,1.0	0.038
2492	"ENSG00000131143.10"	"COX4I1"	chr16	+	85804936	85805153	85804936	85805104	85805732	85805864	2492	2,0,0	0,0,3	0,0,0	3,0,0	148	99	1	1.0	1.0,NA,0.0	0.0,NA,NA	0.5
2497	"ENSG00000173120.15"	"KDM2A"	chr11	+	67250085	67250798	67250085	67250346	67252693	67252857	2497	1,1,7	0,1,0	0,0,3	0,0,0	198	99	1	1.0	1.0,0.333,1.0	NA,NA,1.0	-0.222
2516	"ENSG00000072274.14"	"TFRC"	chr3	-	196054295	196055301	196055079	196055301	196053417	196053558	2516	0,0,1	5,1,5	0,0,0	0,0,3	198	99	1	1.0	0.0,0.0,0.091	NA,NA,0.0	0.03
2538	"ENSG00000090615.16"	"GOLGA3"	chr12	-	132775065	132775305	132775140	132775305	132774156	132774320	2538	0,0,0	1,5,8	1,0,0	1,6,3	174	99	1	1.0	0.0,0.0,0.0	0.363,0.0,0.0	-0.121
2545	"ENSG00000090615.16"	"GOLGA3"	chr12	-	132786688	132786787	132786692	132786787	132786338	132786555	2545	0,1,0	0,2,1	0,0,0	0,0,2	103	99	1	1.0	NA,0.325,0.0	NA,NA,0.0	0.163
2546	"ENSG00000090615.16"	"GOLGA3"	chr12	-	132789022	132789290	132789026	132789290	132786692	132786787	2546	0,0,0	0,9,6	0,0,1	0,1,0	103	99	1	1.0	NA,0.0,0.0	NA,0.0,1.0	-0.5
2549	"ENSG00000090615.16"	"GOLGA3"	chr12	-	132816539	132816812	132816659	132816812	132812947	132813419	2549	0,0,2	2,4,7	1,0,0	0,0,0	198	99	1	1.0	0.0,0.0,0.125	1.0,NA,NA	-0.958
2575	"ENSG00000145191.15"	"EIF2B5"	chr3	+	184135384	184135748	184135384	184135580	184136611	184136736	2575	0,0,1	0,2,0	1,0,0	0,0,0	198	99	1	1.0	NA,0.0,1.0	1.0,NA,NA	-0.5
2609	"ENSG00000291237.1"	"SOD2"	chr6	-	159692530	159692863	159692660	159692863	159688125	159688242	2609	0,0,0	1,4,1	4,0,0	3,1,0	198	99	1	1.0	0.0,0.0,0.0	0.4,0.0,NA	-0.2
2647	"ENSG00000066933.17"	"MYO9A"	chr15	-	71951701	71951896	71951776	71951896	71938851	71938927	2647	0,0,0	0,0,1	0,2,0	0,0,0	174	99	1	1.0	NA,NA,0.0	NA,1.0,NA	-1.0
2652	"ENSG00000163660.12"	"CCNL1"	chr3	-	157156935	157157083	157157010	157157083	157153035	157153156	2652	0,1,6	1,0,4	2,0,1	0,0,1	174	99	1	1.0	0.0,1.0,0.46	1.0,NA,0.363	-0.195
2656	"ENSG00000133706.20"	"LARS1"	chr5	-	146149551	146149699	146149621	146149699	146144623	146144709	2656	0,1,7	0,0,2	0,0,0	0,0,4	169	99	1	1.0	NA,1.0,0.672	NA,NA,0.0	0.836
2688	"ENSG00000164808.17"	"SPIDR"	chr8	+	47279861	47280017	47279861	47279980	47284027	47284094	2688	1,1,6	0,0,2	0,0,4	0,0,0	136	99	1	1.0	1.0,1.0,0.686	NA,NA,1.0	-0.105
2726	"ENSG00000172748.14"	"ZNF596"	chr8	+	232455	232694	232455	232624	240823	240907	2726	0,0,2	2,0,0	1,0,0	0,0,0	169	99	1	1.0	0.0,NA,1.0	1.0,NA,NA	-0.5
2757	"ENSG00000177646.20"	"ACAD9"	chr3	+	128879622	128880017	128879622	128879841	128884652	128884746	2757	0,1,2	0,0,1	0,0,1	1,0,0	198	99	1	1.0	NA,1.0,0.5	0.0,NA,1.0	0.25
2758	"ENSG00000177646.20"	"ACAD9"	chr3	+	128902552	128902632	128902552	128902628	128904061	128904132	2758	0,4,0	0,0,2	1,0,0	0,1,0	103	99	1	1.0	NA,1.0,0.0	1.0,0.0,NA	0.0
2764	"ENSG00000087274.19"	"ADD1"	chr4	+	2904763	2905108	2904763	2905015	2907742	2907844	2764	0,2,6	1,0,6	0,0,0	1,0,5	192	99	1	1.0	0.0,1.0,0.34	0.0,NA,0.0	0.447
2804	"ENSG00000196588.21"	"MRTFA"	chr22	-	40463220	40463286	40463242	40463286	40435498	40435554	2804	0,6,4	0,0,0	2,0,0	0,0,2	121	99	1	1.0	NA,1.0,1.0	1.0,NA,0.0	0.5
2828	"ENSG00000066422.7"	"ZBTB11"	chr3	-	101664963	101665808	101665449	101665808	101664537	101664714	2828	0,3,2	0,0,1	0,0,1	0,0,0	198	99	1	1.0	NA,1.0,0.5	NA,NA,1.0	-0.25
2891	"ENSG00000145781.9"	"COMMD10"	chr5	+	116092544	116092700	116092544	116092695	116134067	116134178	2891	0,0,3	0,0,2	0,0,1	0,0,0	104	99	1	1.0	NA,NA,0.588	NA,NA,1.0	-0.412
2918	"ENSG00000196562.16"	"SULF2"	chr20	-	47666087	47666488	47666259	47666488	47665856	47665953	2918	0,0,3	2,13,12	0,0,0	6,0,4	198	99	1	1.0	0.0,0.0,0.111	0.0,NA,0.0	0.037
2961	"ENSG00000147010.19"	"SH3KBP1"	chrX	-	19836124	19836282	19836150	19836282	19746317	19746441	2961	1,2,5	0,0,0	1,0,4	1,0,0	125	99	1	1.0	1.0,1.0,1.0	0.442,NA,1.0	0.279
3013	"ENSG00000115415.21"	"STAT1"	chr2	-	190975309	190975887	190975811	190975887	190974829	190974932	3013	0,0,2	0,0,6	0,0,1	3,0,0	198	99	1	1.0	NA,NA,0.143	0.0,NA,1.0	-0.357
3014	"ENSG00000115415.21"	"STAT1"	chr2	-	191014017	191014160	191014078	191014160	191013524	191013678	3014	0,0,1	0,0,0	18,1,7	2,0,0	160	99	1	1.0	NA,NA,1.0	0.848,1.0,1.0	0.051
3022	"ENSG00000115760.16"	"BIRC6"	chr2	+	32453807	32453954	32453807	32453942	32463193	32463381	3022	0,0,0	0,2,5	1,0,0	1,0,2	111	99	1	1.0	NA,0.0,0.0	0.471,NA,0.0	-0.235
3023	"ENSG00000115760.16"	"BIRC6"	chr2	+	32463193	32463381	32463193	32463282	32464508	32464823	3023	1,3,10	0,0,1	3,0,6	0,0,0	198	99	1	1.0	1.0,1.0,0.833	1.0,NA,1.0	-0.056
3027	"ENSG00000168028.15"	"RPSA"	chr3	+	39407620	39407821	39407620	39407786	39408605	39408724	3027	0,1,0	0,1,1	0,0,0	2,1,6	134	99	1	1.0	NA,0.425,0.0	0.0,0.0,0.0	0.212
3077	"ENSG00000134910.14"	"STT3A"	chr11	+	125608108	125608289	125608108	125608243	125609433	125609589	3077	0,0,0	0,0,1	2,0,1	0,0,0	145	99	1	1.0	NA,NA,0.0	1.0,NA,1.0	-1.0
3079	"ENSG00000019582.17"	"CD74"	chr5	-	150403120	150404767	150404679	150404767	150402562	150402625	3079	0,0,12	14,18,86	1,0,0	18,9,7	198	99	0.0104913329859	1.0	0.0,0.0,0.065	0.027,0.0,0.0	0.013
3082	"ENSG00000176978.15"	"DPP7"	chr9	-	137113205	137113496	137113356	137113496	137112952	137113119	3082	6,8,8	0,0,0	5,0,2	1,0,0	198	99	1	1.0	1.0,1.0,1.0	0.714,NA,1.0	0.143
3087	"ENSG00000126214.22"	"KLC1"	chr14	+	103662701	103662927	103662701	103662921	103669510	103669598	3087	0,7,8	1,0,0	0,1,0	0,0,0	105	99	1	1.0	0.0,1.0,1.0	NA,1.0,NA	-0.333
3095	"ENSG00000070423.18"	"RNF126"	chr19	-	651610	651855	651691	651855	650233	650296	3095	0,0,1	0,0,1	0,3,0	0,1,0	180	99	1	1.0	NA,NA,0.355	NA,0.623,NA	-0.268
3096	"ENSG00000198925.12"	"ATG9A"	chr2	-	219223868	219224022	219223927	219224022	219223584	219223764	3096	0,1,2	0,4,2	0,0,0	1,0,0	158	99	1	1.0	NA,0.135,0.385	0.0,NA,NA	0.26
3099	"ENSG00000131368.9"	"MRPS25"	chr3	-	15053290	15053467	15053379	15053467	15047504	15052633	3099	0,0,2	0,1,0	0,0,0	1,0,0	188	99	1	1.0	NA,0.0,1.0	0.0,NA,NA	0.5
3123	"ENSG00000290833.1"	"ENSG00000290833"	chr7	-	74890270	74890566	74890387	74890566	74888311	74888397	3123	0,1,3	7,4,6	0,0,1	2,0,1	198	99	1	1.0	0.0,0.111,0.2	0.0,NA,0.333	-0.063
3134	"ENSG00000100483.14"	"VCPKMT"	chr14	-	50116068	50116179	50116079	50116179	50115838	50115911	3134	1,0,0	0,3,0	0,4,4	4,4,0	110	99	1	1.0	1.0,0.0,NA	0.0,0.474,1.0	0.009
3139	"ENSG00000124151.19"	"NCOA3"	chr20	+	47649004	47649109	47649004	47649097	47650981	47651276	3139	0,1,0	0,2,0	0,0,1	0,0,0	111	99	1	1.0	NA,0.308,NA	NA,NA,1.0	-0.692
3156	"ENSG00000142330.20"	"CAPN10"	chr2	+	240590814	240591011	240590814	240591000	240591932	240592150	3156	0,1,0	0,0,0	0,0,0	0,2,0	110	99	1	1.0	NA,1.0,NA	NA,0.0,NA	1.0
3169	"ENSG00000020129.16"	"NCDN"	chr1	+	35558155	35558484	35558155	35558223	35559106	35559247	3169	0,0,1	0,0,0	0,0,1	0,1,0	198	99	1	1.0	NA,NA,1.0	NA,0.0,1.0	0.5
3180	"ENSG00000134030.14"	"CTIF"	chr18	+	48757918	48758411	48757918	48758405	48761389	48761689	3180	0,0,0	0,0,1	3,0,0	0,0,0	105	99	1	1.0	NA,NA,0.0	1.0,NA,NA	-1.0
3232	"ENSG00000089053.13"	"ANAPC5"	chr12	-	121331226	121331428	121331346	121331428	121330582	121330672	3232	0,0,3	0,1,1	0,0,0	1,0,2	198	99	1	1.0	NA,0.0,0.6	0.0,NA,0.0	0.3
3234	"ENSG00000137494.14"	"ANKRD42"	chr11	+	83198478	83198642	83198478	83198558	83206057	83206165	3234	0,0,1	0,0,0	0,0,0	1,0,0	183	99	1	1.0	NA,NA,1.0	0.0,NA,NA	1.0
3242	"ENSG00000177830.18"	"CHID1"	chr11	-	902147	902330	902197	902330	900935	900980	3242	0,0,0	3,1,5	0,0,1	1,0,0	149	99	1	1.0	0.0,0.0,0.0	0.0,NA,1.0	-0.5
3259	"ENSG00000143207.21"	"COP1"	chr1	-	176163814	176163891	176163826	176163891	176162868	176162988	3259	0,0,1	0,0,2	4,0,1	0,0,1	111	99	1	1.0	NA,NA,0.308	1.0,NA,0.471	-0.428
3276	"ENSG00000104218.16"	"CSPP1"	chr8	+	67064361	67064538	67064361	67064496	67074242	67074351	3276	0,0,1	0,0,0	1,0,1	1,0,0	141	99	1	1.0	NA,NA,1.0	0.413,NA,1.0	0.293
3277	"ENSG00000104218.16"	"CSPP1"	chr8	+	67064387	67064538	67064387	67064526	67074242	67074351	3277	0,0,1	0,0,0	1,0,1	1,0,0	111	99	1	1.0	NA,NA,1.0	0.471,NA,1.0	0.264
3290	"ENSG00000234741.10"	"GAS5"	chr1	-	173864483	173865547	173865509	173865547	173864256	173864304	3290	3,1,14	0,0,1	2,0,1	0,0,0	198	99	1	1.0	1.0,1.0,0.875	1.0,NA,1.0	-0.042
3291	"ENSG00000234741.10"	"GAS5"	chr1	-	173865470	173865547	173865509	173865547	173864256	173865282	3291	0,2,4	2,3,3	0,0,2	0,0,1	138	99	1	1.0	0.0,0.324,0.489	NA,NA,0.589	-0.318
3299	"ENSG00000117523.18"	"PRRC2C"	chr1	+	171584418	171584541	171584418	171584526	171587002	171587221	3299	0,4,1	0,0,4	0,0,0	1,0,0	114	99	1	1.0	NA,1.0,0.178	0.0,NA,NA	0.589
3323	"ENSG00000103811.18"	"CTSH"	chr15	-	78926174	78927781	78927712	78927781	78925333	78925440	3323	0,0,4	0,2,4	0,0,0	0,0,1	198	99	1	1.0	NA,0.0,0.333	NA,NA,0.0	0.167
3325	"ENSG00000103811.18"	"CTSH"	chr15	-	78932275	78932458	78932371	78932458	78931450	78931506	3325	1,3,0	0,0,2	1,0,0	3,0,0	195	99	1	1.0	1.0,1.0,0.0	0.145,NA,NA	0.522
3329	"ENSG00000103811.18"	"CTSH"	chr15	-	78932582	78935082	78934977	78935082	78932371	78932458	3329	1,0,3	0,0,2	0,0,0	0,1,1	198	99	1	1.0	1.0,NA,0.429	NA,0.0,0.0	0.715
3331	"ENSG00000103811.18"	"CTSH"	chr15	-	78933730	78935082	78934977	78935082	78932371	78932458	3331	1,0,3	0,0,2	0,0,0	0,1,1	198	99	1	1.0	1.0,NA,0.429	NA,0.0,0.0	0.715
3332	"ENSG00000103811.18"	"CTSH"	chr15	-	78934814	78935082	78934977	78935082	78932371	78932458	3332	1,0,3	0,0,2	0,0,0	0,1,1	198	99	1	1.0	1.0,NA,0.429	NA,0.0,0.0	0.715
3376	"ENSG00000162734.13"	"PEA15"	chr1	+	160211542	160211716	160211542	160211650	160213109	160213265	3376	0,3,5	0,0,0	1,1,0	0,0,1	165	99	1	1.0	NA,1.0,1.0	1.0,1.0,0.0	0.333
3377	"ENSG00000013374.17"	"NUB1"	chr7	+	151341811	151341965	151341811	151341846	151345347	151345466	3377	0,0,0	0,0,1	0,0,1	0,0,4	198	99	1	1.0	NA,NA,0.0	NA,NA,0.111	-0.111
3418	"ENSG00000290592.1"	"ENSG00000290592"	chr1	+	157182859	157183252	157182859	157183014	157185119	157185413	3418	0,0,7	0,1,2	1,0,2	0,0,0	198	99	1	1.0	NA,0.0,0.636	1.0,NA,1.0	-0.682
3428	"ENSG00000196498.15"	"NCOR2"	chr12	-	124327408	124327633	124327546	124327633	124326190	124326370	3428	0,0,0	0,2,1	1,0,0	0,2,0	198	99	1	1.0	NA,0.0,0.0	1.0,0.0,NA	-0.5
3441	"ENSG00000244754.9"	"N4BP2L2"	chr13	-	32538617	32538792	32538682	32538792	32527407	32527532	3441	0,0,2	0,0,0	1,0,0	0,1,0	164	99	1	1.0	NA,NA,1.0	1.0,0.0,NA	0.5
3442	"ENSG00000244754.9"	"N4BP2L2"	chr13	-	32538617	32538825	32538682	32538825	32533544	32537027	3442	0,2,12	0,0,2	2,0,0	0,0,0	164	99	1	1.0	NA,1.0,0.784	1.0,NA,NA	-0.108
3449	"ENSG00000116580.20"	"GON4L"	chr1	-	155774962	155775173	155775001	155775173	155773065	155773210	3449	0,1,0	0,1,1	0,0,1	0,0,0	138	99	1	1.0	NA,0.418,0.0	NA,NA,1.0	-0.791
3462	"ENSG00000146457.16"	"WTAP"	chr6	+	159748190	159750010	159748190	159748369	159753459	159753614	3462	1,0,5	0,0,2	0,0,1	0,0,0	198	99	1	1.0	1.0,NA,0.556	NA,NA,1.0	-0.222
3487	"ENSG00000168071.22"	"CCDC88B"	chr11	+	64343178	64343330	64343178	64343325	64343506	64343615	3487	0,0,0	23,68,9	0,1,0	4,12,6	104	99	1	1.0	0.0,0.0,0.0	0.0,0.073,0.0	-0.024
3488	"ENSG00000168071.22"	"CCDC88B"	chr11	+	64354003	64354170	64354003	64354028	64355193	64355400	3488	0,2,0	0,0,0	0,0,1	0,0,4	198	99	1	1.0	NA,1.0,NA	NA,NA,0.111	0.889
3504	"ENSG00000138834.15"	"MAPK8IP3"	chr16	+	1729137	1729301	1729137	1729208	1729486	1729578	3504	0,1,0	5,6,7	0,0,0	1,0,1	192	99	1	1.0	0.0,0.079,0.0	0.0,NA,0.0	0.026
3505	"ENSG00000138834.15"	"MAPK8IP3"	chr16	+	1761223	1761305	1761223	1761278	1762350	1762481	3505	1,3,7	0,1,1	1,1,0	0,0,2	126	99	0.307158823059	1.0	1.0,0.702,0.846	1.0,1.0,0.0	0.183
3557	"ENSG00000079263.19"	"SP140"	chr2	+	230244987	230245080	230244987	230245071	230245862	230245940	3557	0,0,1	0,0,0	2,0,1	1,0,0	108	99	1	1.0	NA,NA,1.0	0.647,NA,1.0	0.176
3575	"ENSG00000047056.18"	"WDR37"	chr10	+	1105125	1105267	1105125	1105241	1124217	1124352	3575	0,4,3	0,1,0	2,0,0	1,0,0	125	99	1	1.0	NA,0.76,1.0	0.613,NA,NA	0.267
3588	"ENSG00000204628.12"	"RACK1"	chr5	-	181242169	181242345	181242173	181242345	181241491	181241563	3588	0,0,0	0,0,1	0,1,0	0,0,0	103	99	1	1.0	NA,NA,0.0	NA,1.0,NA	-1.0
3589	"ENSG00000204628.12"	"RACK1"	chr5	-	181242169	181242345	181242173	181242345	181241491	181241639	3589	0,0,0	2,3,13	1,1,0	1,3,0	103	99	1	1.0	0.0,0.0,0.0	0.49,0.243,NA	-0.366
3620	"ENSG00000166825.15"	"ANPEP"	chr15	-	89804945	89805217	89805077	89805217	89804490	89804617	3620	0,0,0	0,0,1	0,0,2	0,1,1	198	99	1	1.0	NA,NA,0.0	NA,0.0,0.5	-0.25
3636	"ENSG00000198755.11"	"RPL10A"	chr6	+	35468946	35469285	35468946	35469027	35469380	35469529	3636	0,2,1	5,3,6	2,0,1	0,2,5	198	99	0.478815438327	1.0	0.0,0.25,0.077	1.0,0.0,0.091	-0.255
3643	"ENSG00000112159.13"	"MDN1"	chr6	-	89653852	89654334	89654163	89654334	89652991	89653155	3643	0,0,1	1,4,8	0,0,0	7,1,3	198	99	1	1.0	0.0,0.0,0.059	0.0,0.0,0.0	0.02
3645	"ENSG00000082898.19"	"XPO1"	chr2	-	61534422	61534584	61534557	61534584	61533771	61533903	3645	0,0,1	0,0,0	1,0,0	2,0,0	198	99	1	1.0	NA,NA,1.0	0.2,NA,NA	0.8
3657	"ENSG00000119688.21"	"ABCD4"	chr14	-	74288659	74288765	74288715	74288765	74288206	74288259	3657	0,0,2	0,1,0	0,0,0	2,0,0	155	99	1	1.0	NA,0.0,1.0	0.0,NA,NA	0.5
3662	"ENSG00000063244.14"	"U2AF2"	chr19	+	55669082	55669181	55669082	55669169	55669443	55669692	3662	0,6,0	2,2,5	1,0,0	1,0,0	111	99	1	1.0	0.0,0.728,0.0	0.471,NA,NA	-0.228
3668	"ENSG00000173226.17"	"IQCB1"	chr3	-	121834248	121834479	121834390	121834479	121828860	121828972	3668	0,1,2	0,5,3	0,0,0	1,0,0	198	99	1	1.0	NA,0.091,0.25	0.0,NA,NA	0.17
3743	"ENSG00000164896.21"	"FASTK"	chr7	-	151078841	151079021	151078922	151079021	151078561	151078701	3743	0,5,0	0,2,1	0,0,1	0,0,0	180	99	1	1.0	NA,0.579,0.0	NA,NA,1.0	-0.711
3758	"ENSG00000123329.20"	"ARHGAP9"	chr12	-	57475775	57475931	57475832	57475931	57475482	57475615	3758	0,2,0	1,2,1	0,0,0	1,0,0	156	99	1	1.0	0.0,0.388,0.0	0.0,NA,NA	0.129
3759	"ENSG00000143252.16"	"SDHC"	chr1	+	161314380	161314874	161314380	161314425	161323613	161323670	3759	0,0,1	0,0,0	0,0,0	0,2,0	198	99	1	1.0	NA,NA,1.0	NA,0.0,NA	1.0
3791	"ENSG00000133030.22"	"MPRIP"	chr17	+	17137915	17138429	17137915	17138075	17142626	17142765	3791	0,1,4	0,1,0	0,0,1	1,0,1	198	99	1	1.0	NA,0.333,1.0	0.0,NA,0.333	0.5
3816	"ENSG00000198677.13"	"SKIC3"	chr5	-	95478289	95478442	95478298	95478442	95469779	95469910	3816	0,0,0	0,0,1	2,0,0	0,0,0	108	99	1	1.0	NA,NA,0.0	1.0,NA,NA	-1.0
3856	"ENSG00000043514.17"	"TRIT1"	chr1	-	39850118	39850261	39850122	39850261	39847985	39848097	3856	0,0,0	0,0,1	0,2,0	0,0,0	103	99	1	1.0	NA,NA,0.0	NA,1.0,NA	-1.0
3858	"ENSG00000115875.19"	"SRSF7"	chr2	-	38748046	38748157	38748055	38748157	38746693	38746747	3858	4,8,13	0,0,0	2,2,3	1,0,0	108	99	1	1.0	1.0,1.0,1.0	0.647,1.0,1.0	0.118
3865	"ENSG00000127483.19"	"HP1BP3"	chr1	-	20780344	20780540	20780349	20780540	20779811	20779911	3865	0,3,7	0,0,1	1,0,0	0,0,0	104	99	1	1.0	NA,1.0,0.87	1.0,NA,NA	-0.065
3872	"ENSG00000144591.20"	"GMPPA"	chr2	+	219504082	219504868	219504082	219504213	219505227	219505362	3872	0,2,2	0,0,1	0,0,0	0,1,0	198	99	1	1.0	NA,1.0,0.5	NA,0.0,NA	0.75
3876	"ENSG00000177239.16"	"MAN1B1"	chr9	+	137088074	137088398	137088074	137088183	137088868	137089005	3876	0,3,0	0,4,0	0,0,0	0,0,1	198	99	1	1.0	NA,0.273,NA	NA,NA,0.0	0.273
3891	"ENSG00000198830.12"	"HMGN2"	chr1	+	26473482	26473585	26473482	26473527	26473702	26473732	3891	0,0,1	1,2,5	0,0,0	1,0,2	157	99	1	1.0	0.0,0.0,0.112	0.0,NA,0.0	0.037
3892	"ENSG00000198830.12"	"HMGN2"	chr1	+	26473702	26473817	26473702	26473732	26474084	26474135	3892	0,0,3	1,2,0	0,0,1	0,0,0	184	99	1	1.0	0.0,0.0,1.0	NA,NA,1.0	-0.667
3942	"ENSG00000213648.11"	"SULT1A4"	chr16	+	29461637	29461763	29461637	29461738	29461852	29461950	3942	0,2,0	0,0,0	0,0,0	0,0,1	124	99	1	1.0	NA,1.0,NA	NA,NA,0.0	1.0
3944	"ENSG00000166337.11"	"TAF10"	chr11	-	6611534	6611818	6611663	6611818	6611387	6611452	3944	0,2,0	0,1,3	0,0,0	0,2,0	198	99	1	1.0	NA,0.5,0.0	NA,0.0,NA	0.25
3968	"ENSG00000026751.17"	"SLAMF7"	chr1	+	160749820	160750132	160749820	160750093	160750303	160750423	3968	0,1,0	0,6,11	0,0,0	2,0,0	138	99	1	1.0	NA,0.107,0.0	0.0,NA,NA	0.053
3994	"ENSG00000137409.21"	"MTCH1"	chr6	-	36972651	36972796	36972702	36972796	36970646	36970694	3994	0,2,4	0,2,1	3,0,1	0,0,4	150	99	1	1.0	NA,0.398,0.725	1.0,NA,0.142	-0.009
4039	"ENSG00000114062.22"	"UBE3A"	chr15	-	25407066	25409207	25409087	25409207	25405460	25405502	4039	0,0,1	0,0,2	0,0,0	0,0,1	198	99	1	1.0	NA,NA,0.2	NA,NA,0.0	0.2
4064	"ENSG00000284770.2"	"TBCE"	chr1	+	235442851	235442961	235442851	235442911	235448348	235448440	4064	0,0,0	2,0,0	0,0,2	0,0,0	149	99	1	1.0	0.0,NA,NA	NA,NA,1.0	-1.0
4157	"ENSG00000293434.1"	"AHSA2P"	chr2	+	61184711	61184924	61184711	61184800	61185501	61185618	4157	0,0,2	2,2,7	0,0,0	1,0,1	198	99	1	1.0	0.0,0.0,0.125	0.0,NA,0.0	0.042
4161	"ENSG00000241468.8"	"ATP5MF"	chr7	-	99466110	99466167	99466128	99466167	99460085	99460193	4161	2,0,0	0,2,0	0,0,0	0,2,0	117	99	1	1.0	1.0,0.0,NA	NA,0.0,NA	0.5
4162	"ENSG00000099956.20"	"SMARCB1"	chr22	+	23791755	23791894	23791755	23791867	23793558	23793688	4162	0,0,0	0,0,1	0,0,1	0,0,0	126	99	1	1.0	NA,NA,0.0	NA,NA,1.0	-1.0
4164	"ENSG00000099956.20"	"SMARCB1"	chr22	+	23800943	23801964	23800943	23801081	23803294	23803422	4164	0,0,2	2,0,6	0,0,0	0,0,1	198	99	1	1.0	0.0,NA,0.143	NA,NA,0.0	0.071
4171	"ENSG00000115677.18"	"HDLBP"	chr2	-	241230068	241230269	241230152	241230269	241229832	241229961	4171	0,0,0	2,1,2	1,0,0	1,0,2	183	99	1	1.0	0.0,0.0,0.0	0.351,NA,0.0	-0.175
4185	"ENSG00000197386.14"	"HTT"	chr4	+	3172907	3173218	3172907	3173131	3174720	3174799	4185	0,0,1	1,2,5	0,0,0	2,0,0	186	99	1	1.0	0.0,0.0,0.096	0.0,NA,NA	0.032
4186	"ENSG00000197386.14"	"HTT"	chr4	+	3172907	3173331	3172907	3173131	3174720	3174799	4186	0,0,1	1,2,5	0,0,0	2,0,0	198	99	1	1.0	0.0,0.0,0.091	0.0,NA,NA	0.03
4190	"ENSG00000143569.20"	"UBAP2L"	chr1	+	154234590	154234792	154234590	154234759	154235195	154235291	4190	0,0,2	1,2,2	0,0,0	0,4,0	132	99	1	1.0	0.0,0.0,0.429	NA,0.0,NA	0.143
4196	"ENSG00000136068.16"	"FLNB"	chr3	+	58141857	58141929	58141857	58141896	58142649	58142752	4196	2,1,0	0,2,0	5,1,0	3,0,0	132	99	1	1.0	1.0,0.273,NA	0.556,1.0,NA	-0.141
4205	"ENSG00000126709.16"	"IFI6"	chr1	-	27669220	27669346	27669244	27669346	27668457	27668535	4205	1,0,0	0,1,0	1,0,0	0,0,0	123	99	1	1.0	1.0,0.0,NA	1.0,NA,NA	-0.5
4206	"ENSG00000126709.16"	"IFI6"	chr1	-	27669232	27669346	27669244	27669346	27668457	27668535	4206	1,0,0	0,1,0	1,0,0	0,0,0	111	99	1	1.0	1.0,0.0,NA	1.0,NA,NA	-0.5
4215	"ENSG00000082258.13"	"CCNT2"	chr2	+	134946100	134946465	134946100	134946146	134947735	134947899	4215	0,0,4	0,0,0	0,0,0	0,0,2	198	99	1	1.0	NA,NA,1.0	NA,NA,0.0	1.0
4238	"ENSG00000163565.20"	"IFI16"	chr1	+	159051678	159053724	159051678	159052098	159054820	159055151	4238	0,1,0	0,0,1	4,0,0	0,0,0	198	99	1	1.0	NA,1.0,0.0	1.0,NA,NA	-0.5
4240	"ENSG00000067057.19"	"PFKP"	chr10	+	3109354	3109609	3109354	3109480	3112221	3112286	4240	0,0,0	4,5,4	2,0,0	10,4,16	198	99	1	1.0	0.0,0.0,0.0	0.091,0.0,0.0	-0.03
4304	"ENSG00000291178.1"	"ENSG00000291178"	chr7	-	100335674	100335925	100335837	100335925	100332441	100332581	4304	0,0,1	0,0,1	0,0,0	0,2,0	198	99	1	1.0	NA,NA,0.333	NA,0.0,NA	0.333
4311	"ENSG00000197989.15"	"SNHG12"	chr1	-	28580424	28580646	28580559	28580646	28579911	28579981	4311	1,1,2	0,0,1	0,0,0	1,0,0	198	99	1	1.0	1.0,1.0,0.5	0.0,NA,NA	0.833
4312	"ENSG00000197989.15"	"SNHG12"	chr1	-	28581093	28581229	28581110	28581229	28580559	28580646	4312	0,0,1	1,0,1	0,0,0	3,0,2	116	99	1	1.0	0.0,NA,0.46	0.0,NA,0.0	0.23
4323	"ENSG00000145868.17"	"FBXO38"	chr5	+	148427212	148427947	148427212	148427722	148433423	148433524	4323	0,0,1	0,0,1	1,0,2	0,0,0	198	99	1	1.0	NA,NA,0.333	1.0,NA,1.0	-0.667
4328	"ENSG00000134644.16"	"PUM1"	chr1	-	30968296	30968492	30968353	30968492	30967166	30967310	4328	0,0,2	0,2,0	0,0,0	0,1,0	156	99	1	1.0	NA,0.0,1.0	NA,0.0,NA	0.5
4329	"ENSG00000134644.16"	"PUM1"	chr1	-	31059203	31059577	31059298	31059577	31028795	31028864	4329	0,5,2	0,0,0	0,1,2	0,0,2	194	99	1	1.0	NA,1.0,1.0	NA,1.0,0.338	0.331
4377	"ENSG00000127022.16"	"CANX"	chr5	+	179698922	179699102	179698922	179699049	179705678	179705852	4377	7,0,6	0,0,0	1,1,0	1,0,0	152	99	1	1.0	1.0,NA,1.0	0.394,1.0,NA	0.303
4378	"ENSG00000127022.16"	"CANX"	chr5	+	179705678	179705862	179705678	179705852	179706257	179706331	4378	0,0,1	1,6,5	0,0,0	3,5,2	109	99	1	1.0	0.0,0.0,0.154	0.0,0.0,0.0	0.051
4383	"ENSG00000150527.18"	"MIA2"	chr14	+	39276933	39277065	39276933	39276955	39279336	39279358	4383	0,4,1	0,1,0	1,0,0	0,0,0	198	99	1	1.0	NA,0.667,1.0	1.0,NA,NA	-0.166
4387	"ENSG00000067066.17"	"SP100"	chr2	+	230467119	230467215	230467119	230467206	230469042	230469096	4387	3,4,7	0,0,0	13,0,9	0,0,1	108	99	1	1.0	1.0,1.0,1.0	1.0,NA,0.892	0.054
4394	"ENSG00000068724.18"	"TTC7A"	chr2	+	46950362	46950722	46950362	46950526	46956838	46957007	4394	2,0,2	0,3,11	0,0,0	0,0,1	198	99	1	1.0	1.0,0.0,0.083	NA,NA,0.0	0.361
4400	"ENSG00000108883.13"	"EFTUD2"	chr17	-	44894244	44894525	44894416	44894525	44886584	44886750	4400	0,0,1	0,1,8	0,0,0	2,0,3	198	99	1	1.0	NA,0.0,0.059	0.0,NA,0.0	0.029
4418	"ENSG00000143774.18"	"GUK1"	chr1	+	228141123	228141507	228141123	228141288	228145510	228145624	4418	0,0,0	0,0,1	0,2,4	1,0,0	198	99	1	1.0	NA,NA,0.0	0.0,1.0,1.0	-0.667
4434	"ENSG00000134970.14"	"TMED7"	chr5	-	115625600	115626036	115625857	115626036	115620434	115620680	4434	0,5,1	0,0,0	0,0,0	2,0,0	198	99	1	1.0	NA,1.0,1.0	0.0,NA,NA	1.0
4439	"ENSG00000130414.13"	"NDUFA10"	chr2	-	240012331	240014860	240014738	240014860	240011616	240011696	4439	0,0,2	0,0,0	0,0,0	0,1,0	198	99	1	1.0	NA,NA,1.0	NA,0.0,NA	1.0
4457	"ENSG00000171608.18"	"PIK3CD"	chr1	+	9715848	9716241	9715848	9716078	9716439	9716619	4457	0,4,0	2,0,2	0,0,0	0,0,1	198	99	1	1.0	0.0,1.0,0.0	NA,NA,0.0	0.333
4459	"ENSG00000187231.14"	"SESTD1"	chr2	-	179116573	179116790	179116667	179116790	179115064	179115256	4459	0,0,1	3,0,2	0,0,0	1,0,0	193	99	1	1.0	0.0,NA,0.204	0.0,NA,NA	0.102
4468	"ENSG00000171960.12"	"PPIH"	chr1	+	42659227	42659370	42659227	42659251	42659521	42659566	4468	0,4,0	0,2,2	0,0,0	1,0,0	198	99	1	1.0	NA,0.5,0.0	0.0,NA,NA	0.25
4510	"ENSG00000079277.22"	"MKNK1"	chr1	-	46604184	46604294	46604226	46604294	46594112	46594280	4510	0,0,1	0,0,2	4,0,1	0,0,0	141	99	1	1.0	NA,NA,0.26	1.0,NA,1.0	-0.74
4521	"ENSG00000291203.1"	"ENSG00000291203"	chr4	+	119460182	119460280	119460182	119460242	119460730	119460827	4521	0,0,0	0,0,2	0,0,1	0,0,0	137	99	1	1.0	NA,NA,0.0	NA,NA,1.0	-1.0
4552	"ENSG00000174891.14"	"RSRC1"	chr3	+	158110088	158110223	158110088	158110211	158122102	158122298	4552	0,1,1	1,0,5	0,0,0	0,0,2	111	99	1	1.0	0.0,1.0,0.151	NA,NA,0.0	0.384
4553	"ENSG00000174891.14"	"RSRC1"	chr3	+	158203071	158203269	158203071	158203245	158298038	158298075	4553	0,1,0	4,0,3	0,0,0	1,0,2	123	99	1	1.0	0.0,1.0,0.0	0.0,NA,0.0	0.333
4562	"ENSG00000089327.15"	"FXYD5"	chr19	+	35157420	35157617	35157420	35157501	35158343	35158400	4562	0,1,0	2,5,3	1,0,0	3,2,0	198	99	1	1.0	0.0,0.091,0.0	0.143,0.0,NA	-0.041
4567	"ENSG00000143390.18"	"RFX5"	chr1	-	151346204	151346333	151346214	151346333	151345927	151345961	4567	2,3,3	0,1,0	3,0,1	0,0,4	109	99	1	1.0	1.0,0.732,1.0	1.0,NA,0.185	0.318
4573	"ENSG00000143390.18"	"RFX5"	chr1	-	151346481	151346606	151346488	151346606	151346204	151346333	4573	0,1,0	1,4,3	0,0,2	0,0,0	106	99	1	1.0	0.0,0.189,0.0	NA,NA,1.0	-0.937
4591	"ENSG00000154928.19"	"EPHB1"	chr3	+	134951370	134952052	134951370	134951718	135106447	135106603	4591	0,0,11	0,0,1	2,3,0	0,0,0	198	99	1	1.0	NA,NA,0.846	1.0,1.0,NA	-0.154
4594	"ENSG00000175390.15"	"EIF3F"	chr11	+	7991780	7991971	7991780	7991851	7992083	7992163	4594	0,0,1	0,0,2	0,0,0	1,0,0	198	99	1	1.0	NA,NA,0.2	0.0,NA,NA	0.2
4620	"ENSG00000163714.18"	"U2SURP"	chr3	+	143021349	143021385	143021349	143021382	143021472	143021555	4620	0,1,2	0,0,2	0,0,0	2,0,1	102	99	1	1.0	NA,1.0,0.493	0.0,NA,0.0	0.746
4626	"ENSG00000132950.19"	"ZMYM5"	chr13	-	19851354	19852190	19851688	19852190	19838699	19838985	4626	0,0,2	0,2,0	0,0,1	0,0,0	198	99	1	1.0	NA,0.0,1.0	NA,NA,1.0	-0.5
4634	"ENSG00000030419.17"	"IKZF2"	chr2	-	213056832	213057099	213056910	213057099	213049712	213049880	4634	0,1,1	0,0,0	0,0,1	1,0,0	177	99	1	1.0	NA,1.0,1.0	0.0,NA,1.0	0.5
4642	"ENSG00000163479.14"	"SSR2"	chr1	-	156018131	156018368	156018269	156018368	156014960	156015069	4642	0,0,1	4,0,1	0,0,0	0,0,1	198	99	1	1.0	0.0,NA,0.333	NA,NA,0.0	0.167
4648	"ENSG00000111640.15"	"GAPDH"	chr12	+	6534809	6534991	6534809	6534861	6536493	6536593	4648	0,1,1	7,22,25	0,0,0	9,11,11	198	99	1	1.0	0.0,0.022,0.02	0.0,0.0,0.0	0.014
4650	"ENSG00000187147.19"	"RNF220"	chr1	+	44635544	44635666	44635544	44635588	44636029	44636162	4650	0,0,1	1,0,0	0,0,2	2,0,0	177	99	1	1.0	0.0,NA,1.0	0.0,NA,1.0	0.0
4659	"ENSG00000133226.19"	"SRRM1"	chr1	+	24654854	24655129	24654854	24655123	24660718	24660799	4659	0,2,3	0,0,1	1,0,0	0,0,0	105	99	1	1.0	NA,1.0,0.739	1.0,NA,NA	-0.131
4670	"ENSG00000161203.14"	"AP2M1"	chr3	+	184180168	184180650	184180168	184180251	184180848	184180984	4670	0,0,1	1,1,3	0,0,2	0,0,0	198	99	1	1.0	0.0,0.0,0.143	NA,NA,1.0	-0.952
4671	"ENSG00000161203.14"	"AP2M1"	chr3	+	184180644	184180741	184180644	184180650	184180848	184180984	4671	0,0,1	0,0,1	0,0,0	0,0,2	190	99	1	1.0	NA,NA,0.343	NA,NA,0.0	0.343
4673	"ENSG00000161203.14"	"AP2M1"	chr3	+	184181084	184181815	184181084	184181226	184181911	184182047	4673	4,3,1	0,0,2	1,0,0	0,0,0	198	99	1	1.0	1.0,1.0,0.2	1.0,NA,NA	-0.267
4684	"ENSG00000055917.17"	"PUM2"	chr2	-	20258236	20258371	20258242	20258371	20256032	20256170	4684	0,0,0	0,1,1	1,0,0	0,0,3	105	99	1	1.0	NA,0.0,0.0	1.0,NA,0.0	-0.5
4709	"ENSG00000010671.18"	"BTK"	chrX	-	101374429	101374634	101374535	101374634	101371632	101371701	4709	0,0,2	1,0,0	0,0,0	2,0,0	198	99	1	1.0	0.0,NA,1.0	0.0,NA,NA	0.5
4715	"ENSG00000142937.12"	"RPS8"	chr1	+	44776674	44776774	44776674	44776714	44777613	44777789	4715	9,6,21	0,0,4	9,7,6	0,0,0	159	99	0.564721988107	1.0	1.0,1.0,0.766	1.0,1.0,1.0	-0.078
4722	"ENSG00000177410.13"	"ZFAS1"	chr20	+	49278641	49278738	49278641	49278716	49279103	49279208	4722	0,1,0	2,4,6	0,0,0	1,0,2	121	99	1	1.0	0.0,0.17,0.0	0.0,NA,0.0	0.057
4737	"ENSG00000197217.13"	"ENTPD4"	chr8	-	23441568	23441723	23441592	23441723	23439748	23439915	4737	0,1,3	0,0,1	2,0,0	1,0,0	123	99	1	1.0	NA,1.0,0.707	0.617,NA,NA	0.236
4751	"ENSG00000273136.9"	"NBPF26"	chr1	+	120822103	120822267	120822103	120822187	120823308	120823360	4751	0,0,1	0,0,0	0,0,0	0,0,4	179	99	1	1.0	NA,NA,1.0	NA,NA,0.0	1.0
4755	"ENSG00000008128.23"	"CDK11A"	chr1	-	1707408	1707584	1707524	1707584	1705641	1705732	4755	0,2,3	1,2,0	0,0,4	4,3,0	198	99	0.342806522306	1.0	0.0,0.333,1.0	0.0,0.0,1.0	0.111
4757	"ENSG00000008128.23"	"CDK11A"	chr1	-	1719327	1719455	1719357	1719455	1716345	1716478	4757	1,0,2	1,2,2	2,0,3	1,0,4	129	99	1	1.0	0.434,0.0,0.434	0.606,NA,0.365	-0.196
4765	"ENSG00000186827.12"	"TNFRSF4"	chr1	-	1211703	1212138	1211941	1212138	1211339	1211625	4765	0,1,0	0,0,0	0,0,0	3,0,0	198	99	1	1.0	NA,1.0,NA	0.0,NA,NA	1.0
4778	"ENSG00000007923.17"	"DNAJC11"	chr1	-	6638082	6638364	6638294	6638364	6637446	6637504	4778	2,1,0	0,5,2	0,0,0	0,0,2	198	99	1	1.0	1.0,0.091,0.0	NA,NA,0.0	0.364
4790	"ENSG00000170412.18"	"GPRC5C"	chr17	+	74439744	74440827	74439744	74440046	74443817	74443912	4790	0,0,4	0,0,0	0,0,0	1,0,0	198	99	1	1.0	NA,NA,1.0	0.0,NA,NA	1.0
4804	"ENSG00000055609.21"	"KMT2C"	chr7	-	152145152	152145295	152145164	152145295	152144712	152144881	4804	1,5,2	0,0,1	0,0,1	0,1,3	111	99	1	1.0	1.0,1.0,0.641	NA,0.0,0.229	0.766
4810	"ENSG00000055609.21"	"KMT2C"	chr7	-	152251938	152252090	152251971	152252090	152250852	152250966	4810	2,1,8	1,0,1	3,0,2	0,0,0	132	99	1	1.0	0.6,1.0,0.857	1.0,NA,1.0	-0.181
4816	"ENSG00000135913.11"	"USP37"	chr2	-	218562672	218562813	218562717	218562813	218560819	218560883	4816	0,0,1	0,1,0	1,0,0	0,0,0	144	99	1	1.0	NA,0.0,1.0	1.0,NA,NA	-0.5
4835	"ENSG00000132323.9"	"ILKAP"	chr2	-	238194781	238194870	238194804	238194870	238194274	238194331	4835	0,0,0	0,2,0	0,0,2	0,0,0	122	99	1	1.0	NA,0.0,NA	NA,NA,1.0	-1.0
4864	"ENSG00000064012.24"	"CASP8"	chr2	+	201233462	201233622	201233462	201233554	201234015	201234112	4864	0,1,1	0,0,0	0,0,0	1,1,0	167	99	1	1.0	NA,1.0,1.0	0.0,0.0,NA	1.0
4865	"ENSG00000064012.24"	"CASP8"	chr2	+	201276826	201277104	201276826	201276968	201284815	201285317	4865	0,0,0	0,0,4	0,0,1	1,0,0	198	99	1	1.0	NA,NA,0.0	0.0,NA,1.0	-0.5
4870	"ENSG00000229117.9"	"RPL41"	chr12	+	56116774	56116829	56116774	56116799	56117188	56117211	4870	0,1,0	5,2,3	0,0,0	3,4,1	129	99	1	1.0	0.0,0.277,0.0	0.0,0.0,0.0	0.092
4871	"ENSG00000229117.9"	"RPL41"	chr12	+	56116774	56116930	56116774	56116799	56117188	56117211	4871	0,3,1	5,2,3	1,0,0	3,4,1	198	99	0.19048188882	1.0	0.0,0.429,0.143	0.143,0.0,0.0	0.143
4876	"ENSG00000115307.17"	"AUP1"	chr2	-	74528750	74529282	74529131	74529282	74528416	74528489	4876	1,1,7	0,0,0	0,1,0	0,0,1	198	99	1	1.0	1.0,1.0,1.0	NA,1.0,0.0	0.5
4902	"ENSG00000104894.12"	"CD37"	chr19	+	49335713	49335786	49335713	49335782	49336908	49337033	4902	2,4,13	0,0,3	6,0,5	1,0,0	103	99	1	1.0	1.0,1.0,0.806	0.852,NA,1.0	0.009
4918	"ENSG00000187514.17"	"PTMA"	chr2	+	231711347	231711983	231711347	231711419	231712442	231712516	4918	11,13,31	0,0,1	18,3,9	0,0,0	198	99	1	1.0	1.0,1.0,0.939	1.0,1.0,1.0	-0.02
4921	"ENSG00000136271.11"	"DDX56"	chr7	-	44572562	44572744	44572573	44572744	44572346	44572437	4921	0,0,6	2,0,2	0,0,0	2,0,0	110	99	1	1.0	0.0,NA,0.73	0.0,NA,NA	0.365
4924	"ENSG00000010610.10"	"CD4"	chr12	+	6814141	6814463	6814141	6814300	6814758	6814992	4924	0,1,0	0,0,4	0,0,0	2,0,0	198	99	1	1.0	NA,1.0,0.0	0.0,NA,NA	0.5
4933	"ENSG00000104419.17"	"NDRG1"	chr8	-	133246595	133246663	133246615	133246663	133244354	133244390	4933	4,0,0	1,1,0	0,0,0	0,1,2	119	99	1	1.0	0.769,0.0,NA	NA,0.0,0.0	0.385
4934	"ENSG00000104419.17"	"NDRG1"	chr8	-	133256725	133256863	133256776	133256863	133254538	133254595	4934	1,0,0	2,0,6	0,0,0	2,0,1	150	99	1	1.0	0.248,NA,0.0	0.0,NA,0.0	0.124
4935	"ENSG00000104419.17"	"NDRG1"	chr8	-	133279965	133280267	133280231	133280267	133264546	133264652	4935	0,0,0	0,2,3	0,0,4	1,0,4	198	99	1	1.0	NA,0.0,0.0	0.0,NA,0.333	-0.167
5011	"ENSG00000065526.13"	"SPEN"	chr1	+	15872815	15874395	15872815	15873136	15876201	15876678	5011	0,0,2	0,1,3	0,0,0	2,0,0	198	99	1	1.0	NA,0.0,0.25	0.0,NA,NA	0.125
5025	"ENSG00000148400.13"	"NOTCH1"	chr9	-	136506715	136506973	136506835	136506973	136506526	136506639	5025	0,0,5	0,1,0	0,0,1	0,0,0	198	99	1	1.0	NA,0.0,1.0	NA,NA,1.0	-0.5
5044	"ENSG00000009830.13"	"POMT2"	chr14	-	77279683	77279928	77279822	77279928	77279536	77279586	5044	0,0,1	0,0,0	0,0,0	0,0,2	198	99	1	1.0	NA,NA,1.0	NA,NA,0.0	1.0
5053	"ENSG00000115524.17"	"SF3B1"	chr2	-	197418895	197420542	197420427	197420542	197418508	197418588	5053	0,3,4	2,0,1	0,0,0	0,1,0	198	99	1	1.0	0.0,1.0,0.667	NA,0.0,NA	0.556
5107	"ENSG00000135541.22"	"AHI1"	chr6	-	135301407	135302817	135302711	135302817	135300499	135300558	5107	0,0,1	0,0,0	0,0,4	0,0,1	198	99	1	1.0	NA,NA,1.0	NA,NA,0.667	0.333
5124	"ENSG00000161010.16"	"MRNIP"	chr5	-	179853196	179853437	179853377	179853437	179847977	179848066	5124	0,0,0	1,1,5	1,0,0	0,0,1	198	99	1	1.0	0.0,0.0,0.0	1.0,NA,0.0	-0.5
5264	"ENSG00000272752.6"	"STAG3L5P-PVRIG2P-PILRB"	chr7	+	100353372	100354012	100353372	100353483	100355142	100355240	5264	2,0,6	0,2,2	4,0,1	0,0,0	198	99	1	1.0	1.0,0.0,0.6	1.0,NA,1.0	-0.467
5271	"ENSG00000148985.20"	"PGAP2"	chr11	+	3824269	3824376	3824269	3824364	3825019	3825128	5271	0,2,0	0,0,2	1,0,0	0,0,0	111	99	1	1.0	NA,1.0,0.0	1.0,NA,NA	-0.5
5285	"ENSG00000196576.16"	"PLXNB2"	chr22	-	50294718	50294778	50294725	50294778	50289516	50290597	5285	1,1,1	0,4,5	0,0,0	1,0,0	106	99	1	1.0	1.0,0.189,0.157	0.0,NA,NA	0.449
5307	"ENSG00000138095.20"	"LRPPRC"	chr2	-	43995773	43995962	43995798	43995962	43982237	43982434	5307	0,0,1	4,7,5	0,0,0	1,2,0	124	99	1	1.0	0.0,0.0,0.138	0.0,0.0,NA	0.046
5319	"ENSG00000116670.16"	"MAD2L2"	chr1	-	11680352	11680471	11680371	11680471	11677542	11677614	5319	2,0,3	0,0,2	2,0,0	0,0,0	118	99	1	1.0	1.0,NA,0.557	1.0,NA,NA	-0.222
5320	"ENSG00000137309.21"	"HMGA1"	chr6	+	34240736	34240915	34240736	34240882	34242711	34242795	5320	2,5,1	2,1,0	2,0,3	1,1,3	132	99	0.0409050214732	1.0	0.429,0.789,1.0	0.6,0.0,0.429	0.396
5373	"ENSG00000124155.19"	"PIGT"	chr20	+	45416516	45418979	45416516	45416694	45419294	45419395	5373	0,0,0	0,0,1	2,0,0	0,0,0	198	99	1	1.0	NA,NA,0.0	1.0,NA,NA	-1.0
5380	"ENSG00000290682.1"	"STAG3L5P"	chr7	+	100336124	100336337	100336124	100336220	100338178	100338264	5380	2,8,21	0,6,11	5,0,8	5,0,7	198	99	1	1.0	1.0,0.4,0.488	0.333,NA,0.364	0.281
5393	"ENSG00000107521.21"	"HPS1"	chr10	-	98433939	98434091	98433982	98434091	98430570	98430670	5393	0,4,0	0,0,0	1,0,0	0,0,1	142	99	1	1.0	NA,1.0,NA	1.0,NA,0.0	0.5
5395	"ENSG00000107521.21"	"HPS1"	chr10	-	98445218	98445413	98445299	98445413	98443123	98443240	5395	0,0,1	1,2,9	0,0,0	2,0,1	180	99	1	1.0	0.0,0.0,0.058	0.0,NA,0.0	0.019
5396	"ENSG00000107521.21"	"HPS1"	chr10	-	98446806	98446915	98446886	98446915	98445299	98445413	5396	0,1,0	0,0,1	0,1,0	0,0,0	179	99	1	1.0	NA,1.0,0.0	NA,1.0,NA	-0.5
5428	"ENSG00000124496.13"	"TRERF1"	chr6	-	42362946	42363079	42362996	42363079	42300637	42300749	5428	0,0,1	0,0,1	0,0,1	0,0,0	149	99	1	1.0	NA,NA,0.399	NA,NA,1.0	-0.601
5439	"ENSG00000116698.22"	"SMG7"	chr1	+	183542075	183542502	183542075	183542364	183544352	183544497	5439	0,2,1	0,0,1	0,0,0	0,0,1	198	99	1	1.0	NA,1.0,0.333	NA,NA,0.0	0.666
5461	"ENSG00000115486.13"	"GGCX"	chr2	-	85558439	85558662	85558538	85558662	85556181	85556260	5461	0,0,2	0,0,0	0,0,0	0,1,0	198	99	1	1.0	NA,NA,1.0	NA,0.0,NA	1.0
5530	"ENSG00000150995.21"	"ITPR1"	chr3	+	4675067	4675248	4675067	4675221	4676613	4676801	5530	0,0,0	2,0,1	1,0,2	0,0,4	126	99	1	1.0	0.0,NA,0.0	1.0,NA,0.282	-0.641
5537	"ENSG00000071054.17"	"MAP4K4"	chr2	+	101887087	101887261	101887087	101887237	101887777	101887937	5537	0,1,0	0,0,0	0,0,1	0,0,1	123	99	1	1.0	NA,1.0,NA	NA,NA,0.446	0.554
5577	"ENSG00000163703.20"	"CRELD1"	chr3	+	9943076	9943229	9943076	9943172	9943380	9943515	5577	0,0,0	0,4,1	0,1,0	2,0,0	156	99	1	1.0	NA,0.0,0.0	0.0,1.0,NA	-0.5
5578	"ENSG00000163703.20"	"CRELD1"	chr3	+	9943076	9943253	9943076	9943172	9943380	9943515	5578	0,0,0	0,4,1	0,2,0	2,0,0	180	99	1	1.0	NA,0.0,0.0	0.0,1.0,NA	-0.5
5590	"ENSG00000104408.11"	"EIF3E"	chr8	-	108236160	108236203	108236162	108236203	108234997	108235102	5590	0,0,2	0,3,0	1,2,6	0,0,0	101	99	1	1.0	NA,0.0,1.0	1.0,1.0,1.0	-0.5
5603	"ENSG00000146414.17"	"SHPRH"	chr6	-	145933049	145933178	145933056	145933178	145927188	145927277	5603	0,0,2	0,5,2	0,0,0	1,0,0	106	99	1	1.0	NA,0.0,0.483	0.0,NA,NA	0.241
5613	"ENSG00000006062.18"	"MAP3K14"	chr17	-	45270851	45271221	45271057	45271221	45270412	45270563	5613	1,0,0	0,0,2	0,0,0	1,0,1	198	99	1	1.0	1.0,NA,0.0	0.0,NA,0.0	0.5
5629	"ENSG00000076108.12"	"BAZ2A"	chr12	-	56615013	56615607	56615218	56615607	56613952	56614138	5629	1,2,7	0,0,1	0,0,1	0,0,0	198	99	1	1.0	1.0,1.0,0.778	NA,NA,1.0	-0.074
5654	"ENSG00000169714.17"	"CNBP"	chr3	-	129171633	129171771	129171654	129171771	129171445	129171538	5654	0,0,1	1,2,0	2,0,0	0,0,2	120	99	1	1.0	0.0,0.0,1.0	1.0,NA,0.0	-0.167
5655	"ENSG00000169714.17"	"CNBP"	chr3	-	129171651	129171771	129171654	129171771	129171445	129171538	5655	0,0,0	1,2,0	1,0,0	0,0,2	102	99	1	1.0	0.0,0.0,NA	1.0,NA,0.0	-0.5
5657	"ENSG00000148303.17"	"RPL7A"	chr9	+	133348251	133348817	133348251	133348388	133348921	133349042	5657	0,1,0	0,0,0	0,1,0	1,0,0	198	99	1	1.0	NA,1.0,NA	0.0,1.0,NA	0.5
5699	"ENSG00000251562.11"	"MALAT1"	chr11	+	65504657	65505662	65504657	65504723	65506385	65506469	5699	0,13,294	0,0,2	7,0,15	0,0,0	198	99	1	1.0	NA,1.0,0.987	1.0,NA,1.0	-0.006
5708	"ENSG00000196504.21"	"PRPF40A"	chr2	-	152717229	152717457	152717355	152717457	152715994	152716126	5708	0,1,0	0,0,2	0,0,0	1,0,0	198	99	1	1.0	NA,1.0,0.0	0.0,NA,NA	0.5
5709	"ENSG00000169432.19"	"SCN9A"	chr2	-	166284452	166284824	166284485	166284824	166281678	166281808	5709	0,0,2	0,1,6	0,0,0	0,0,1	132	99	1	1.0	NA,0.0,0.2	NA,NA,0.0	0.1
5713	"ENSG00000153250.21"	"RBMS1"	chr2	-	160286968	160287084	160286977	160287084	160284994	160285044	5713	0,0,4	0,2,3	0,0,6	0,0,0	108	99	1	1.0	NA,0.0,0.55	NA,NA,1.0	-0.725
5757	"ENSG00000170144.22"	"HNRNPA3"	chr2	+	177212740	177212871	177212740	177212805	177215538	177215661	5757	0,1,1	0,2,4	1,2,0	2,0,0	165	99	1	1.0	NA,0.231,0.13	0.231,1.0,NA	-0.435
5775	"ENSG00000170581.15"	"STAT2"	chr12	-	56349344	56349509	56349425	56349509	56349162	56349261	5775	0,0,1	0,3,3	0,1,0	2,0,3	180	99	1	1.0	NA,0.0,0.155	0.0,1.0,0.0	-0.256
5776	"ENSG00000170581.15"	"STAT2"	chr12	-	56354418	56354614	56354458	56354614	56351291	56351450	5776	0,0,1	0,0,0	1,0,1	1,0,0	139	99	1	1.0	NA,NA,1.0	0.416,NA,1.0	0.292
5777	"ENSG00000170581.15"	"STAT2"	chr12	-	56354418	56354614	56354465	56354614	56351291	56351450	5777	0,0,1	1,1,3	1,0,1	7,0,2	146	99	1	1.0	0.0,0.0,0.184	0.088,NA,0.253	-0.109
5778	"ENSG00000170581.15"	"STAT2"	chr12	-	56354458	56354614	56354465	56354614	56351291	56351450	5778	0,0,0	1,1,3	1,0,0	7,0,2	106	99	1	1.0	0.0,0.0,0.0	0.118,NA,0.0	-0.059
5779	"ENSG00000170581.15"	"STAT2"	chr12	-	56354989	56355351	56355088	56355351	56354777	56354863	5779	1,0,8	0,0,0	4,1,3	0,0,2	198	99	1	1.0	1.0,NA,1.0	1.0,1.0,0.429	0.19
5780	"ENSG00000170581.15"	"STAT2"	chr12	-	56354989	56355351	56355275	56355351	56354777	56354863	5780	0,0,2	0,1,4	6,1,2	9,0,8	198	99	1	1.0	NA,0.0,0.2	0.25,1.0,0.111	-0.354
5781	"ENSG00000170581.15"	"STAT2"	chr12	-	56355088	56355351	56355275	56355351	56354777	56354863	5781	0,0,2	0,1,4	6,1,3	9,0,8	198	99	1	1.0	NA,0.0,0.2	0.25,1.0,0.158	-0.369
5786	"ENSG00000204084.14"	"INPP5B"	chr1	-	37931672	37932053	37931912	37932053	37891357	37891454	5786	0,0,0	0,2,0	0,2,0	0,0,0	198	99	1	1.0	NA,0.0,NA	NA,1.0,NA	-1.0
5803	"ENSG00000160087.21"	"UBE2J2"	chr1	-	1267732	1267992	1267861	1267992	1263345	1263386	5803	0,0,1	1,0,0	0,0,0	1,0,0	198	99	1	1.0	0.0,NA,1.0	0.0,NA,NA	0.5
5856	"ENSG00000010244.19"	"ZNF207"	chr17	+	32369598	32369782	32369598	32369745	32373398	32373457	5856	0,0,9	0,0,1	1,0,0	1,0,0	136	99	1	1.0	NA,NA,0.868	0.421,NA,NA	0.447
5890	"ENSG00000185658.14"	"BRWD1"	chr21	-	39255644	39255828	39255664	39255828	39250795	39250889	5890	0,0,1	0,0,3	0,0,4	0,0,0	119	99	1	1.0	NA,NA,0.217	NA,NA,1.0	-0.783
5894	"ENSG00000291082.1"	"HERC2P9"	chr15	+	28655272	28655691	28655272	28655420	28655795	28656026	5894	0,0,0	0,0,2	0,0,1	0,0,0	198	99	1	1.0	NA,NA,0.0	NA,NA,1.0	-1.0
5916	"ENSG00000033867.18"	"SLC4A7"	chr3	-	27484066	27484347	27484078	27484347	27452416	27452498	5916	0,1,0	0,1,0	0,0,0	3,0,2	111	99	1	1.0	NA,0.471,NA	0.0,NA,0.0	0.471
5922	"ENSG00000120705.13"	"ETF1"	chr5	-	138542633	138542936	138542832	138542936	138518691	138518867	5922	0,2,0	0,1,1	0,0,0	1,1,0	198	99	1	1.0	NA,0.5,0.0	0.0,0.0,NA	0.25
5923	"ENSG00000120705.13"	"ETF1"	chr5	-	138542704	138542936	138542832	138542936	138518691	138518867	5923	0,1,0	0,1,1	0,0,0	1,1,0	198	99	1	1.0	NA,0.333,0.0	0.0,0.0,NA	0.167
5935	"ENSG00000168385.18"	"SEPTIN2"	chr2	+	241316421	241316555	241316421	241316540	241317498	241317599	5935	0,0,0	1,0,0	4,0,0	1,0,0	114	99	1	1.0	0.0,NA,NA	0.776,NA,NA	-0.776
5949	"ENSG00000132842.15"	"AP3B1"	chr5	-	78175625	78175838	78175783	78175838	78165609	78165672	5949	1,3,2	0,0,2	1,0,1	0,0,0	198	99	1	1.0	1.0,1.0,0.333	1.0,NA,1.0	-0.222
5988	"ENSG00000125166.13"	"GOT2"	chr16	-	58722118	58722278	58722149	58722278	58719195	58719255	5988	0,0,1	1,0,0	0,0,0	2,0,0	130	99	1	1.0	0.0,NA,1.0	0.0,NA,NA	0.5
5989	"ENSG00000136286.16"	"MYO1G"	chr7	-	44968919	44969483	44969412	44969483	44967883	44967958	5989	0,0,0	0,0,1	0,0,2	1,0,8	198	99	1	1.0	NA,NA,0.0	0.0,NA,0.111	-0.056
6007	"ENSG00000254505.11"	"CHMP4A"	chr14	-	24211410	24211592	24211414	24211592	24210653	24210768	6007	0,1,1	0,0,2	0,0,0	0,0,1	103	99	1	1.0	NA,1.0,0.325	NA,NA,0.0	0.662
6016	"ENSG00000203875.13"	"SNHG5"	chr6	-	85677790	85677875	85677794	85677875	85677423	85677492	6016	0,0,2	4,1,3	0,0,0	1,1,2	103	99	1	1.0	0.0,0.0,0.391	0.0,0.0,0.0	0.13
6017	"ENSG00000203875.13"	"SNHG5"	chr6	-	85677790	85678032	85677953	85678032	85677423	85677492	6017	0,0,17	0,0,1	1,0,2	0,0,0	198	99	1	1.0	NA,NA,0.895	1.0,NA,1.0	-0.105
6018	"ENSG00000203875.13"	"SNHG5"	chr6	-	85677794	85678032	85677953	85678032	85677423	85677492	6018	4,1,19	0,0,1	2,1,4	0,0,0	198	99	1	1.0	1.0,1.0,0.905	1.0,1.0,1.0	-0.032
6028	"ENSG00000062598.18"	"ELMO2"	chr20	-	46393980	46394089	46394048	46394089	46393528	46393601	6028	0,0,0	0,0,2	1,0,0	0,0,2	167	99	1	1.0	NA,NA,0.0	1.0,NA,0.0	-0.5
6034	"ENSG00000146282.19"	"RARS2"	chr6	-	87589700	87589975	87589921	87589975	87569516	87569590	6034	1,0,1	0,0,0	0,0,0	2,0,0	198	99	1	1.0	1.0,NA,1.0	0.0,NA,NA	1.0
6043	"ENSG00000135341.19"	"MAP3K7"	chr6	-	90586688	90587072	90586763	90587072	90571696	90571807	6043	0,0,1	1,1,0	0,0,1	0,1,0	174	99	1	1.0	0.0,0.0,1.0	NA,0.0,1.0	-0.167
6057	"ENSG00000196547.15"	"MAN2A2"	chr15	+	90903230	90903734	90903230	90903432	90904189	90904339	6057	1,0,0	1,0,4	2,0,0	0,0,0	198	99	1	1.0	0.333,NA,0.0	1.0,NA,NA	-0.834
6133	"ENSG00000179364.15"	"PACS2"	chr14	+	105368458	105368539	105368458	105368515	105369840	105369900	6133	2,2,7	0,1,0	4,0,0	0,1,0	123	99	1	1.0	1.0,0.617,1.0	1.0,0.0,NA	0.372
6134	"ENSG00000179364.15"	"PACS2"	chr14	+	105381913	105382058	105381913	105382046	105382476	105382581	6134	0,1,0	0,2,2	0,0,0	0,1,2	111	99	1	1.0	NA,0.308,0.0	NA,0.0,0.0	0.154
6145	"ENSG00000112306.8"	"RPS12"	chr6	+	132814971	132815224	132814971	132815088	132816460	132816563	6145	2,0,3	8,9,17	1,2,1	3,2,2	198	99	0.506782684454	1.0	0.111,0.0,0.081	0.143,0.333,0.2	-0.161
6165	"ENSG00000104805.17"	"NUCB1"	chr19	+	48900785	48900961	48900785	48900931	48904346	48904454	6165	1,0,0	1,0,1	1,0,1	2,0,0	129	99	1	1.0	0.434,NA,0.0	0.277,NA,1.0	-0.422
6166	"ENSG00000104805.17"	"NUCB1"	chr19	+	48900785	48901121	48900785	48900931	48904346	48904454	6166	1,0,0	1,0,1	1,0,1	2,0,0	198	99	1	1.0	0.333,NA,0.0	0.2,NA,1.0	-0.433
6180	"ENSG00000117533.15"	"VAMP4"	chr1	-	171710713	171710814	171710759	171710814	171709664	171709744	6180	0,0,0	0,0,1	1,0,0	0,0,0	145	99	1	1.0	NA,NA,0.0	1.0,NA,NA	-1.0
6218	"ENSG00000138757.15"	"G3BP2"	chr4	-	75653982	75655246	75655065	75655246	75648638	75648741	6218	0,0,1	0,0,0	0,0,0	2,0,3	198	99	1	1.0	NA,NA,1.0	0.0,NA,0.0	1.0
6249	"ENSG00000183763.9"	"TRAIP"	chr3	-	49848136	49848200	49848142	49848200	49847524	49847608	6249	0,0,1	0,0,0	0,0,0	0,0,1	105	99	1	1.0	NA,NA,1.0	NA,NA,0.0	1.0
6251	"ENSG00000026297.17"	"RNASET2"	chr6	-	166946540	166946739	166946681	166946739	166943018	166943089	6251	0,0,3	1,0,1	0,0,0	2,2,0	198	99	1	1.0	0.0,NA,0.6	0.0,0.0,NA	0.3
6256	"ENSG00000213066.14"	"CEP43"	chr6	+	167003192	167003811	167003192	167003247	167004263	167004401	6256	1,3,0	0,0,1	0,1,0	0,0,0	198	99	1	1.0	1.0,1.0,0.0	NA,1.0,NA	-0.333
6270	"ENSG00000164889.15"	"SLC4A2"	chr7	+	151074038	151074293	151074038	151074099	151074398	151074488	6270	0,1,2	0,1,0	1,0,5	0,0,0	198	99	1	1.0	NA,0.333,1.0	1.0,NA,1.0	-0.334
6274	"ENSG00000164880.16"	"INTS1"	chr7	-	1472242	1472386	1472272	1472386	1471570	1471641	6274	2,0,0	0,2,1	0,0,0	1,0,0	129	99	1	1.0	1.0,0.0,0.0	0.0,NA,NA	0.333
6282	"ENSG00000122512.17"	"PMS2"	chr7	-	6002447	6002636	6002452	6002636	5999107	5999223	6282	0,2,0	0,0,0	0,0,0	0,2,0	104	99	1	1.0	NA,1.0,NA	NA,0.0,NA	1.0
6308	"ENSG00000149923.14"	"PPP4C"	chr16	+	30082745	30082963	30082745	30082847	30083393	30083567	6308	0,0,2	0,0,1	0,0,0	1,0,0	198	99	1	1.0	NA,NA,0.5	0.0,NA,NA	0.5
6315	"ENSG00000136261.16"	"BZW2"	chr7	+	16646133	16646304	16646133	16646288	16665436	16665501	6315	0,0,1	0,2,1	0,0,0	1,1,1	115	99	1	1.0	NA,0.0,0.463	0.0,0.0,0.0	0.232
6335	"ENSG00000070882.13"	"OSBPL3"	chr7	-	24834086	24834736	24834485	24834736	24830767	24830905	6335	0,0,0	0,0,4	0,0,1	0,0,0	198	99	1	1.0	NA,NA,0.0	NA,NA,1.0	-1.0
6340	"ENSG00000177084.19"	"POLE"	chr12	-	132672579	132672839	132672626	132672839	132672214	132672322	6340	0,1,3	0,0,3	0,0,0	1,0,0	146	99	1	1.0	NA,1.0,0.404	0.0,NA,NA	0.702
6357	"ENSG00000270647.7"	"TAF15"	chr17	+	35820163	35820248	35820163	35820239	35820331	35820437	6357	0,2,5	0,0,1	3,0,3	0,0,0	108	99	1	1.0	NA,1.0,0.821	1.0,NA,1.0	-0.09
6363	"ENSG00000136279.21"	"DBNL"	chr7	+	44052866	44052951	44052866	44052941	44056756	44056903	6363	0,0,0	3,4,4	0,0,1	5,0,6	109	99	1	1.0	0.0,0.0,0.0	0.0,NA,0.131	-0.066
6367	"ENSG00000122678.17"	"POLM"	chr7	-	44078739	44078811	44078755	44078811	44076508	44076629	6367	0,1,5	0,0,1	2,0,1	4,0,0	115	99	1	1.0	NA,1.0,0.811	0.301,NA,1.0	0.255
6370	"ENSG00000106628.13"	"POLD2"	chr7	-	44117583	44117742	44117618	44117742	44117132	44117247	6370	0,0,2	0,0,0	0,0,0	1,0,0	134	99	1	1.0	NA,NA,1.0	0.0,NA,NA	1.0
6402	"ENSG00000160299.19"	"PCNT"	chr21	+	46431528	46432215	46431528	46431978	46435903	46436148	6402	1,3,2	0,0,0	1,0,0	0,0,1	198	99	1	1.0	1.0,1.0,1.0	1.0,NA,0.0	0.5
6426	"ENSG00000172915.20"	"NBEA"	chr13	+	35208699	35208854	35208699	35208836	35211052	35211179	6426	0,2,0	0,0,0	0,0,1	0,0,3	117	99	1	1.0	NA,1.0,NA	NA,NA,0.22	0.78
6433	"ENSG00000126524.12"	"SBDS"	chr7	-	66995097	66995586	66995289	66995586	66994211	66994341	6433	1,0,0	0,0,0	0,0,0	1,0,0	198	99	1	1.0	1.0,NA,NA	0.0,NA,NA	1.0
6455	"ENSG00000110713.18"	"NUP98"	chr11	-	3771747	3771928	3771774	3771928	3768580	3768744	6455	0,1,3	0,0,0	5,0,3	0,0,1	126	99	1	1.0	NA,1.0,1.0	1.0,NA,0.702	0.149
6464	"ENSG00000158517.16"	"NCF1"	chr7	+	74785181	74785299	74785181	74785261	74787983	74788088	6464	0,0,3	0,0,0	0,2,8	0,0,2	137	99	1	1.0	NA,NA,1.0	NA,1.0,0.743	0.129
6539	"ENSG00000177409.12"	"SAMD9L"	chr7	-	93146882	93147146	93147087	93147146	93145384	93146040	6539	0,2,0	0,0,0	2,0,2	2,0,0	198	99	1	1.0	NA,1.0,NA	0.333,NA,1.0	0.334
6542	"ENSG00000105854.13"	"PON2"	chr7	-	95416171	95416297	95416241	95416297	95412311	95412477	6542	0,0,0	2,2,1	0,0,2	0,0,0	169	99	1	1.0	0.0,0.0,0.0	NA,NA,1.0	-1.0
6547	"ENSG00000196367.15"	"TRRAP"	chr7	+	98983263	98983492	98983263	98983459	98984092	98984358	6547	0,0,2	0,0,2	0,0,0	0,0,1	132	99	1	1.0	NA,NA,0.429	NA,NA,0.0	0.429
6551	"ENSG00000197037.11"	"ZSCAN25"	chr7	+	99619560	99619997	99619560	99619993	99621372	99621574	6551	0,1,0	0,4,1	0,0,0	0,2,0	103	99	1	1.0	NA,0.194,0.0	NA,0.0,NA	0.097
6559	"ENSG00000147526.20"	"TACC1"	chr8	+	38827167	38827375	38827167	38827288	38831124	38831177	6559	0,0,6	0,1,3	1,0,1	0,0,0	186	99	1	1.0	NA,0.0,0.516	1.0,NA,1.0	-0.742
6581	"ENSG00000106397.12"	"PLOD3"	chr7	-	101216162	101216326	101216196	101216326	101215907	101216020	6581	2,0,1	0,0,1	0,1,0	0,0,0	133	99	1	1.0	1.0,NA,0.427	NA,1.0,NA	-0.286
6590	"ENSG00000285437.2"	"POLR2J3"	chr7	-	102572442	102572583	102572471	102572583	102569834	102569924	6590	0,0,0	0,0,1	2,0,0	0,0,0	128	99	1	1.0	NA,NA,0.0	1.0,NA,NA	-1.0
6602	"ENSG00000149483.13"	"TMEM138"	chr11	+	61364251	61364870	61364251	61364518	61366044	61366216	6602	0,0,1	1,0,2	0,0,0	1,0,0	198	99	1	1.0	0.0,NA,0.2	0.0,NA,NA	0.1
6605	"ENSG00000101782.15"	"RIOK3"	chr18	+	23473428	23473626	23473428	23473483	23474947	23475107	6605	1,0,4	0,0,1	2,0,0	0,0,0	198	99	1	1.0	1.0,NA,0.667	1.0,NA,NA	-0.166
6672	"ENSG00000142541.18"	"RPL13A"	chr19	+	49489849	49489922	49489849	49489912	49490231	49490297	6672	15,27,37	4,0,2	14,18,25	0,0,0	109	99	0.0428659379353	1.0	0.773,1.0,0.944	1.0,1.0,1.0	-0.094
6673	"ENSG00000142541.18"	"RPL13A"	chr19	+	49489849	49490090	49489849	49489912	49490231	49490297	6673	0,1,5	4,0,2	2,0,1	0,0,0	198	99	1	1.0	0.0,1.0,0.556	1.0,NA,1.0	-0.481
6674	"ENSG00000142541.18"	"RPL13A"	chr19	+	49489849	49490090	49489849	49489922	49490231	49490297	6674	0,1,4	15,27,35	2,0,1	14,18,25	198	99	0.445656733258	1.0	0.0,0.018,0.054	0.067,0.0,0.02	-0.005
6677	"ENSG00000142541.18"	"RPL13A"	chr19	+	49490474	49490600	49490474	49490576	49490778	49490864	6677	1,0,0	15,18,45	0,0,0	12,11,9	123	99	1	1.0	0.051,0.0,0.0	0.0,0.0,0.0	0.017
6681	"ENSG00000122783.17"	"CYREN"	chr7	-	135168744	135169060	135168968	135169060	135167731	135167807	6681	0,0,2	0,0,0	0,0,1	0,0,1	198	99	1	1.0	NA,NA,1.0	NA,NA,0.333	0.667
6684	"ENSG00000122783.17"	"CYREN"	chr7	-	135168748	135169060	135168968	135169060	135167731	135167807	6684	2,0,2	0,0,0	3,0,1	0,0,1	198	99	1	1.0	1.0,NA,1.0	1.0,NA,0.333	0.334
6686	"ENSG00000122783.17"	"CYREN"	chr7	-	135168785	135169060	135168968	135169060	135167731	135167807	6686	0,0,2	0,0,0	0,0,1	0,0,1	198	99	1	1.0	NA,NA,1.0	NA,NA,0.333	0.667
6695	"ENSG00000105939.14"	"ZC3HAV1"	chr7	-	139079103	139080243	139079469	139080243	139078551	139078653	6695	0,1,1	0,1,2	0,0,0	1,0,3	198	99	1	1.0	NA,0.333,0.2	0.0,NA,0.0	0.267
6748	"ENSG00000197150.13"	"ABCB8"	chr7	+	151040497	151040644	151040497	151040634	151040827	151040922	6748	0,2,0	3,1,3	0,0,0	3,0,0	109	99	1	1.0	0.0,0.645,0.0	0.0,NA,NA	0.215
6751	"ENSG00000082014.17"	"SMARCD3"	chr7	-	151242704	151242843	151242720	151242843	151242480	151242603	6751	0,0,2	0,0,0	0,0,0	0,0,2	115	99	1	1.0	NA,NA,1.0	NA,NA,0.0	1.0
6757	"ENSG00000143933.20"	"CALM2"	chr2	-	47176235	47176511	47176440	47176511	47170733	47170764	6757	0,1,1	3,1,3	0,0,0	2,0,1	198	99	1	1.0	0.0,0.333,0.143	0.0,NA,0.0	0.159
6778	"ENSG00000156482.11"	"RPL30"	chr8	-	98044826	98045088	98044942	98045088	98042644	98042775	6778	0,0,2	10,7,22	0,0,0	3,1,3	198	99	1	1.0	0.0,0.0,0.043	0.0,0.0,0.0	0.014
6804	"ENSG00000076604.16"	"TRAF4"	chr17	+	28747212	28747391	28747212	28747264	28747842	28747947	6804	1,2,4	0,5,10	3,0,5	0,2,4	198	99	0.541197205179	1.0	1.0,0.167,0.167	1.0,0.0,0.385	-0.017
6840	"ENSG00000104763.20"	"ASAH1"	chr8	-	18067219	18067298	18067249	18067298	18064456	18064531	6840	0,1,1	0,0,0	0,0,0	1,0,0	129	99	1	1.0	NA,1.0,1.0	0.0,NA,NA	1.0
6865	"ENSG00000118162.14"	"KPTN"	chr19	-	47483125	47483215	47483160	47483215	47480957	47481033	6865	0,0,1	0,0,0	0,0,0	1,0,0	134	99	1	1.0	NA,NA,1.0	0.0,NA,NA	1.0
6888	"ENSG00000136718.10"	"IMP4"	chr2	+	130342893	130342962	130342893	130342935	130343085	130343194	6888	0,0,1	0,1,0	0,0,0	2,2,0	126	99	1	1.0	NA,0.0,1.0	0.0,0.0,NA	0.5
6889	"ENSG00000136718.10"	"IMP4"	chr2	+	130344628	130344725	130344628	130344712	130345375	130345485	6889	0,2,0	0,0,0	0,0,0	0,0,2	112	99	1	1.0	NA,1.0,NA	NA,NA,0.0	1.0
6908	"ENSG00000104365.16"	"IKBKB"	chr8	+	42293442	42293568	42293442	42293512	42305186	42305275	6908	0,1,1	0,3,5	0,0,0	0,0,4	155	99	1	1.0	NA,0.176,0.113	NA,NA,0.0	0.144
6940	"ENSG00000254087.8"	"LYN"	chr8	+	55941854	55941991	55941854	55941928	55946447	55946493	6940	0,0,6	0,0,1	0,0,1	1,0,2	162	99	1	1.0	NA,NA,0.786	0.0,NA,0.234	0.669
6944	"ENSG00000168066.22"	"SF1"	chr11	-	64767566	64767844	64767570	64767844	64767191	64767251	6944	0,3,0	0,2,0	1,1,0	2,1,2	103	99	1	1.0	NA,0.59,NA	0.325,0.49,0.0	0.318
6946	"ENSG00000154124.6"	"OTULIN"	chr5	+	14681463	14681624	14681463	14681607	14687520	14687646	6946	0,1,1	3,0,3	0,0,0	1,1,1	116	99	1	1.0	0.0,1.0,0.221	0.0,0.0,0.0	0.407
6964	"ENSG00000089157.16"	"RPLP0"	chr12	-	120200718	120200831	120200729	120200831	120199117	120199485	6964	0,0,3	6,10,20	0,0,0	5,8,5	110	99	0.699847178129	1.0	0.0,0.0,0.119	0.0,0.0,0.0	0.04
6969	"ENSG00000160710.18"	"ADAR"	chr1	-	154590183	154590409	154590261	154590409	154589756	154589928	6969	0,5,6	0,0,0	5,0,10	2,0,1	177	99	1	1.0	NA,1.0,1.0	0.583,NA,0.848	0.284
7022	"ENSG00000108465.15"	"CDK5RAP3"	chr17	+	47973518	47973693	47973518	47973650	47973930	47974031	7022	0,0,0	0,0,6	0,0,1	2,0,0	142	99	1	1.0	NA,NA,0.0	0.0,NA,1.0	-0.5
7023	"ENSG00000108465.15"	"CDK5RAP3"	chr17	+	47973518	47973696	47973518	47973650	47973930	47974031	7023	0,0,0	0,0,6	0,0,1	2,0,0	145	99	1	1.0	NA,NA,0.0	0.0,NA,1.0	-0.5
7044	"ENSG00000168610.17"	"STAT3"	chr17	-	42322281	42322494	42322284	42322494	42317181	42317224	7044	0,0,1	0,2,0	1,0,0	0,0,0	102	99	1	1.0	NA,0.0,1.0	1.0,NA,NA	-0.5
7046	"ENSG00000168610.17"	"STAT3"	chr17	-	42323452	42323625	42323572	42323625	42323259	42323354	7046	0,0,1	3,0,2	0,0,0	0,2,1	198	99	1	1.0	0.0,NA,0.2	NA,0.0,0.0	0.1
7056	"ENSG00000095585.18"	"BLNK"	chr10	-	96227409	96227566	96227421	96227566	96223825	96223989	7056	3,7,34	1,0,0	5,0,7	0,0,0	111	99	1	1.0	0.728,1.0,1.0	1.0,NA,1.0	-0.091
7057	"ENSG00000095585.18"	"BLNK"	chr10	-	96242729	96242784	96242734	96242784	96230793	96230834	7057	0,0,2	0,4,31	0,0,0	2,1,6	104	99	1	1.0	NA,0.0,0.058	0.0,0.0,0.0	0.029
7071	"ENSG00000120370.14"	"GORAB"	chr1	+	170532130	170532284	170532130	170532233	170539209	170539567	7071	0,2,1	0,0,0	0,0,0	0,4,0	150	99	1	1.0	NA,1.0,1.0	NA,0.0,NA	1.0
7077	"ENSG00000225484.7"	"NUTM2B-AS1"	chr10	-	79808758	79808832	79808762	79808832	79806038	79806122	7077	0,5,2	0,0,1	0,0,0	0,0,2	103	99	1	1.0	NA,1.0,0.658	NA,NA,0.0	0.829
7088	"ENSG00000178209.17"	"PLEC"	chr8	-	143935010	143935117	143935022	143935117	143934809	143934929	7088	2,1,2	0,1,2	0,0,2	0,0,0	111	99	1	1.0	1.0,0.471,0.471	NA,NA,1.0	-0.353
7089	"ENSG00000178685.14"	"PARP10"	chr8	-	143983166	143983811	143983311	143983811	143982931	143983065	7089	5,4,5	0,0,0	10,2,5	0,3,0	198	99	0.144109940469	1.0	1.0,1.0,1.0	1.0,0.25,1.0	0.25
7090	"ENSG00000178685.14"	"PARP10"	chr8	-	143984007	143984104	143984034	143984104	143983166	143983811	7090	0,5,0	0,0,0	2,5,2	0,2,0	126	99	1	1.0	NA,1.0,NA	1.0,0.663,1.0	0.112
7091	"ENSG00000178685.14"	"PARP10"	chr8	-	143985720	143985975	143985724	143985975	143985568	143985648	7091	1,2,1	0,1,0	4,0,1	1,0,1	103	99	1	1.0	1.0,0.658,1.0	0.794,NA,0.49	0.244
7108	"ENSG00000169045.19"	"HNRNPH1"	chr5	-	179616868	179616958	179616898	179616958	179616125	179616218	7108	5,6,13	0,0,1	2,2,7	0,0,0	129	99	1	1.0	1.0,1.0,0.909	1.0,1.0,1.0	-0.03
7109	"ENSG00000169045.19"	"HNRNPH1"	chr5	-	179616868	179617110	179617020	179617110	179616125	179616218	7109	2,6,14	0,0,0	2,2,5	1,0,1	198	99	1	1.0	1.0,1.0,1.0	0.5,1.0,0.714	0.262
7112	"ENSG00000169045.19"	"HNRNPH1"	chr5	-	179623594	179623669	179623635	179623669	179623036	179623164	7112	5,5,6	0,0,2	2,0,0	5,0,2	140	99	1	1.0	1.0,1.0,0.68	0.22,NA,0.0	0.783
7190	"ENSG00000131042.15"	"LILRB2"	chr19	-	54276246	54276301	54276263	54276301	54275950	54276003	7190	0,0,0	0,1,0	2,0,0	0,0,0	116	99	1	1.0	NA,0.0,NA	1.0,NA,NA	-1.0
7214	"ENSG00000137101.14"	"CD72"	chr9	-	35618221	35618413	35618271	35618413	35618013	35618121	7214	0,0,0	0,0,2	0,0,1	0,0,0	149	99	1	1.0	NA,NA,0.0	NA,NA,1.0	-1.0
7234	"ENSG00000291075.1"	"ENSG00000291075"	chr9	+	40992260	40992775	40992260	40992479	40993252	40993434	7234	0,2,7	0,0,1	0,0,1	0,0,0	198	99	1	1.0	NA,1.0,0.778	NA,NA,1.0	-0.111
7241	"ENSG00000165219.23"	"GAPVD1"	chr9	+	125321432	125321562	125321432	125321499	125323797	125323923	7241	0,2,1	0,0,1	1,0,0	0,0,0	162	99	1	1.0	NA,1.0,0.379	1.0,NA,NA	-0.31
7242	"ENSG00000165219.23"	"GAPVD1"	chr9	+	125331925	125332060	125331925	125332017	125332509	125332629	7242	0,0,1	0,0,0	0,0,0	1,0,0	142	99	1	1.0	NA,NA,1.0	0.0,NA,NA	1.0
7285	"ENSG00000134419.15"	"RPS15A"	chr16	-	18790243	18790334	18790309	18790334	18788980	18789118	7285	0,0,0	0,2,4	2,0,0	3,2,1	165	99	1	1.0	NA,0.0,0.0	0.286,0.0,0.0	-0.095
7288	"ENSG00000273559.5"	"CWC25"	chr17	-	38810275	38810595	38810467	38810595	38809701	38809765	7288	0,0,1	0,0,0	0,0,0	1,0,0	198	99	1	1.0	NA,NA,1.0	0.0,NA,NA	1.0
7306	"ENSG00000084072.17"	"PPIE"	chr1	+	39745374	39748767	39745374	39745498	39748902	39749088	7306	0,0,0	0,0,1	0,0,1	0,0,0	198	99	1	1.0	NA,NA,0.0	NA,NA,1.0	-1.0
7312	"ENSG00000196305.19"	"IARS1"	chr9	-	92269877	92269983	92269884	92269983	92268173	92268300	7312	0,2,0	2,6,7	0,0,0	1,0,0	106	99	1	1.0	0.0,0.237,0.0	0.0,NA,NA	0.079
7314	"ENSG00000196305.19"	"IARS1"	chr9	-	92293440	92293695	92293610	92293695	92289300	92289426	7314	0,3,2	0,0,2	2,1,0	0,0,0	198	99	1	1.0	NA,1.0,0.333	1.0,1.0,NA	-0.334
7328	"ENSG00000145425.10"	"RPS3A"	chr4	+	151099627	151099887	151099627	151099714	151100484	151100588	7328	0,0,1	6,7,41	0,0,0	3,8,8	198	99	1	1.0	0.0,0.0,0.012	0.0,0.0,0.0	0.004
7329	"ENSG00000145425.10"	"RPS3A"	chr4	+	151099628	151099836	151099628	151099714	151100484	151100588	7329	0,0,1	6,7,41	0,0,0	3,8,8	198	99	1	1.0	0.0,0.0,0.012	0.0,0.0,0.0	0.004
7358	"ENSG00000174373.17"	"RALGAPA1"	chr14	-	35688458	35690003	35689835	35690003	35686541	35686666	7358	0,0,1	0,0,2	1,0,0	1,0,0	198	99	1	1.0	NA,NA,0.2	0.333,NA,NA	-0.133
7372	"ENSG00000119321.10"	"FKBP15"	chr9	-	113183740	113183845	113183750	113183845	113182765	113182868	7372	0,1,4	0,3,2	0,0,1	2,0,2	109	99	1	1.0	NA,0.232,0.645	0.0,NA,0.312	0.282
7386	"ENSG00000102119.12"	"EMD"	chrX	+	154379484	154379566	154379484	154379562	154379689	154379794	7386	1,1,2	0,0,0	2,0,0	1,0,0	103	99	1	1.0	1.0,1.0,1.0	0.658,NA,NA	0.342
7389	"ENSG00000119402.18"	"FBXW2"	chr9	-	120792886	120793257	120793148	120793257	120787768	120788278	7389	0,0,1	0,0,2	0,0,0	0,1,0	198	99	1	1.0	NA,NA,0.2	NA,0.0,NA	0.2
7426	"ENSG00000095321.18"	"CRAT"	chr9	-	129107813	129108077	129107933	129108077	129104187	129104306	7426	0,0,1	0,0,0	0,0,0	0,0,1	198	99	1	1.0	NA,NA,1.0	NA,NA,0.0	1.0
7446	"ENSG00000160271.16"	"RALGDS"	chr9	-	133100495	133101762	133101519	133101762	133100267	133100382	7446	0,1,0	0,0,0	0,0,0	0,0,1	198	99	1	1.0	NA,1.0,NA	NA,NA,0.0	1.0
7463	"ENSG00000165688.14"	"PMPCA"	chr9	+	136414552	136414675	136414552	136414647	136416290	136416391	7463	0,0,0	0,0,3	1,0,0	2,0,2	127	99	1	1.0	NA,NA,0.0	0.28,NA,0.0	-0.14
7464	"ENSG00000165688.14"	"PMPCA"	chr9	+	136414552	136414743	136414552	136414647	136416290	136416391	7464	0,0,0	0,0,3	1,0,0	2,0,2	195	99	1	1.0	NA,NA,0.0	0.202,NA,0.0	-0.101
7468	"ENSG00000196642.19"	"RABL6"	chr9	+	136837861	136838015	136837861	136837980	136838908	136839121	7468	1,4,1	0,0,2	3,2,0	0,0,0	134	99	1	1.0	1.0,1.0,0.27	1.0,1.0,NA	-0.243
7484	"ENSG00000152061.24"	"RABGAP1L"	chr1	+	174219124	174219295	174219124	174219184	174220971	174221164	7484	0,6,21	0,0,1	6,0,1	2,0,0	198	99	1	1.0	NA,1.0,0.913	0.6,NA,1.0	0.156
7557	"ENSG00000100650.16"	"SRSF5"	chr14	+	69767092	69767380	69767092	69767255	69768137	69768282	7557	0,1,2	2,21,19	0,0,0	3,3,3	198	99	0.428346466247	1.0	0.0,0.023,0.05	0.0,0.0,0.0	0.024
7576	"ENSG00000089127.15"	"OAS1"	chr12	+	112911050	112911258	112911050	112911235	112916508	112916738	7576	0,0,0	0,0,7	2,0,0	1,2,2	122	99	1	1.0	NA,NA,0.0	0.619,0.0,0.0	-0.206
7588	"ENSG00000082074.19"	"FYB1"	chr5	-	39125971	39126135	39125997	39126135	39124252	39124278	7588	0,0,0	0,0,1	0,0,1	0,0,0	125	99	1	1.0	NA,NA,0.0	NA,NA,1.0	-1.0
7594	"ENSG00000141027.23"	"NCOR1"	chr17	-	16061400	16061894	16061757	16061894	16058470	16058599	7594	0,0,2	0,0,0	1,0,1	0,0,1	198	99	1	1.0	NA,NA,1.0	1.0,NA,0.333	0.334
7596	"ENSG00000114439.19"	"BBX"	chr3	+	107645835	107646087	107645835	107645909	107710451	107710622	7596	0,0,1	0,1,2	0,0,0	1,0,2	198	99	1	1.0	NA,0.0,0.2	0.0,NA,0.0	0.1
7664	"ENSG00000109861.17"	"CTSC"	chr11	-	88337172	88337736	88337500	88337736	88334936	88335082	7664	3,1,5	2,2,24	1,0,1	13,1,7	198	99	0.00388296960626	0.542018620767612	0.429,0.2,0.094	0.037,0.0,0.067	0.206
7673	"ENSG00000095564.15"	"BTAF1"	chr10	+	91959064	91959282	91959064	91959154	91959784	91959880	7673	3,0,12	0,2,4	1,0,0	1,0,5	198	99	1	1.0	1.0,0.0,0.6	0.333,NA,0.0	0.367
7676	"ENSG00000147044.23"	"CASK"	chrX	-	41853096	41853227	41853114	41853227	41787177	41787283	7676	0,0,0	0,0,3	1,0,0	2,0,0	117	99	1	1.0	NA,NA,0.0	0.297,NA,NA	-0.297
7683	"ENSG00000125386.16"	"FAM193A"	chr4	+	2694945	2695129	2694945	2695082	2696362	2696593	7683	0,5,2	0,0,2	2,0,1	0,0,0	146	99	1	1.0	NA,1.0,0.404	1.0,NA,1.0	-0.298
7684	"ENSG00000125386.16"	"FAM193A"	chr4	+	2694945	2695142	2694945	2695082	2696362	2696593	7684	0,0,0	0,0,2	2,0,0	0,0,0	159	99	1	1.0	NA,NA,0.0	1.0,NA,NA	-1.0
7691	"ENSG00000155256.18"	"ZFYVE27"	chr10	+	97737127	97737325	97737127	97737321	97738476	97738674	7691	0,0,0	1,1,0	2,0,0	3,0,2	103	99	1	1.0	0.0,0.0,NA	0.391,NA,0.0	-0.196
7701	"ENSG00000255339.6"	"ENSG00000255339"	chr10	-	100529365	100529506	100529379	100529506	100526974	100527074	7701	1,2,0	1,4,1	0,1,0	1,0,2	113	99	0.579018502118	1.0	0.467,0.305,0.0	0.0,1.0,0.0	-0.076
7712	"ENSG00000166197.17"	"NOLC1"	chr10	+	102159192	102159338	102159192	102159308	102159432	102159568	7712	8,0,0	0,1,3	0,0,0	1,0,3	129	99	1	1.0	1.0,0.0,0.0	0.0,NA,0.0	0.333
7720	"ENSG00000107862.7"	"GBF1"	chr10	+	102362474	102363396	102362474	102362664	102363709	102363798	7720	1,1,3	1,0,0	4,0,1	0,0,0	198	99	1	1.0	0.333,1.0,1.0	1.0,NA,1.0	-0.222
7782	"ENSG00000185101.13"	"ANO9"	chr11	-	429473	429652	429569	429652	428721	428826	7782	0,2,0	0,0,0	0,0,0	1,2,0	195	99	1	1.0	NA,1.0,NA	0.0,0.0,NA	1.0
7809	"ENSG00000038532.17"	"CLEC16A"	chr16	+	11003073	11003305	11003073	11003257	11020192	11020325	7809	0,8,0	0,1,0	0,0,0	0,0,1	147	99	1	1.0	NA,0.843,NA	NA,NA,0.0	0.843
7812	"ENSG00000110321.19"	"EIF4G2"	chr11	-	10801660	10802209	10802048	10802209	10800961	10801087	7812	1,0,12	1,1,0	1,1,4	0,0,0	198	99	1	1.0	0.333,0.0,1.0	1.0,1.0,1.0	-0.556
7823	"ENSG00000162236.13"	"STX5"	chr11	-	62825024	62825117	62825035	62825117	62824458	62824565	7823	0,0,0	1,2,5	0,0,1	0,0,1	110	99	1	1.0	0.0,0.0,0.0	NA,NA,0.474	-0.474
7851	"ENSG00000118785.15"	"SPP1"	chr4	+	87980045	87980434	87980045	87980126	87981474	87981798	7851	2,4,4	1,4,5	8,2,4	2,0,1	198	99	0.00458560592866	0.542018620767612	0.5,0.333,0.286	0.667,1.0,0.667	-0.405
7870	"ENSG00000162961.14"	"DPY30"	chr2	-	32039592	32039805	32039732	32039805	32039420	32039492	7870	0,1,0	2,0,0	0,0,0	0,0,2	198	99	1	1.0	0.0,1.0,NA	NA,NA,0.0	0.5
7881	"ENSG00000110455.14"	"ACCS"	chr11	+	44073446	44073535	44073446	44073517	44074611	44074681	7881	0,0,0	0,2,2	0,0,1	0,0,0	117	99	1	1.0	NA,0.0,0.0	NA,NA,1.0	-1.0
7890	"ENSG00000110497.15"	"AMBRA1"	chr11	-	46541944	46543398	46543251	46543398	46508190	46508370	7890	0,0,1	0,0,0	0,0,1	0,0,1	198	99	1	1.0	NA,NA,1.0	NA,NA,0.333	0.667
7922	"ENSG00000012171.20"	"SEMA3B"	chr3	+	50271087	50271181	50271087	50271177	50271360	50271480	7922	0,0,2	0,0,0	0,0,0	2,0,0	103	99	1	1.0	NA,NA,1.0	0.0,NA,NA	1.0
7933	"ENSG00000108384.16"	"RAD51C"	chr17	+	58692601	58693650	58692601	58692788	58694930	58695189	7933	0,1,0	1,0,0	0,0,0	0,0,2	198	99	1	1.0	0.0,1.0,NA	NA,NA,0.0	0.5
7937	"ENSG00000149532.16"	"CPSF7"	chr11	-	61419921	61420094	61419948	61420094	61416104	61416519	7937	0,1,2	1,0,0	0,0,1	0,0,0	126	99	1	1.0	0.0,1.0,1.0	NA,NA,1.0	-0.333
7938	"ENSG00000149532.16"	"CPSF7"	chr11	-	61420469	61421608	61421389	61421608	61419921	61420094	7938	0,0,0	0,2,1	2,0,1	0,0,0	198	99	1	1.0	NA,0.0,0.0	1.0,NA,1.0	-1.0
7958	"ENSG00000149781.14"	"FERMT3"	chr11	+	64211051	64211171	64211051	64211155	64211274	64211443	7958	2,11,2	0,0,2	2,2,2	0,0,0	115	99	0.732566380168	1.0	1.0,1.0,0.463	1.0,1.0,1.0	-0.179
7983	"ENSG00000133884.11"	"DPF2"	chr11	+	65346246	65346432	65346246	65346359	65348849	65348931	7983	0,0,0	0,8,10	1,0,0	0,1,1	172	99	1	1.0	NA,0.0,0.0	1.0,0.0,0.0	-0.333
7985	"ENSG00000168056.18"	"LTBP3"	chr11	-	65543104	65543224	65543126	65543224	65541599	65541728	7985	1,1,8	0,0,4	2,0,0	0,0,0	121	99	1	1.0	1.0,1.0,0.621	1.0,NA,NA	-0.126
8011	"ENSG00000110066.16"	"KMT5B"	chr11	-	68179469	68180200	68180131	68180200	68175017	68175183	8011	0,0,1	0,1,0	0,0,2	0,0,0	198	99	1	1.0	NA,0.0,1.0	NA,NA,1.0	-0.5
8039	"ENSG00000149273.15"	"RPS3"	chr11	+	75401639	75401725	75401639	75401705	75402379	75402446	8039	0,4,1	2,0,0	3,0,1	0,0,0	119	99	1	1.0	0.0,1.0,1.0	1.0,NA,1.0	-0.333
8042	"ENSG00000101158.15"	"NELFCD"	chr20	+	58989857	58990232	58989857	58989988	58990909	58991075	8042	1,0,0	0,0,2	0,0,0	1,0,1	198	99	1	1.0	1.0,NA,0.0	0.0,NA,0.0	0.5
8043	"ENSG00000101158.15"	"NELFCD"	chr20	+	58993623	58993764	58993623	58993675	58994109	58994239	8043	0,0,0	0,0,1	1,0,1	0,0,0	188	99	1	1.0	NA,NA,0.0	1.0,NA,1.0	-1.0
8054	"ENSG00000159063.14"	"ALG8"	chr11	-	78124020	78124214	78124024	78124214	78121064	78121174	8054	0,0,2	0,0,0	0,0,0	0,0,2	103	99	1	1.0	NA,NA,1.0	NA,NA,0.0	1.0
8086	"ENSG00000104872.11"	"PIH1D1"	chr19	-	49449339	49449654	49449474	49449654	49448000	49448062	8086	0,0,1	0,1,0	0,0,0	1,0,0	198	99	1	1.0	NA,0.0,1.0	0.0,NA,NA	0.5
8087	"ENSG00000104872.11"	"PIH1D1"	chr19	-	49451367	49451578	49451484	49451578	49450781	49450848	8087	2,1,0	0,0,1	0,0,0	2,0,0	198	99	1	1.0	1.0,1.0,0.0	0.0,NA,NA	0.667
8108	"ENSG00000003756.17"	"RBM5"	chr3	+	50088953	50089057	50088953	50089029	50090381	50090451	8108	0,0,1	6,0,2	0,0,0	0,0,1	127	99	1	1.0	0.0,NA,0.28	NA,NA,0.0	0.14
8139	"ENSG00000186166.9"	"CENATAC"	chr11	+	119011220	119011311	119011220	119011283	119011938	119012003	8139	3,6,5	2,0,0	2,0,3	0,0,0	127	99	1	1.0	0.539,1.0,1.0	1.0,NA,1.0	-0.154
8140	"ENSG00000118181.11"	"RPS25"	chr11	-	119017924	119018053	119017957	119018053	119017361	119017545	8140	2,0,0	8,11,15	0,0,0	3,10,6	132	99	1	1.0	0.158,0.0,0.0	0.0,0.0,0.0	0.053
8160	"ENSG00000136811.17"	"ODF2"	chr9	+	128460941	128461067	128460941	128461010	128469182	128469353	8160	2,4,2	0,1,2	0,0,2	0,0,0	156	99	1	1.0	1.0,0.717,0.388	NA,NA,1.0	-0.298
8189	"ENSG00000002016.18"	"RAD52"	chr12	-	929763	929886	929818	929886	927144	927263	8189	0,0,1	0,0,0	0,0,1	1,0,0	154	99	1	1.0	NA,NA,1.0	0.0,NA,1.0	0.5
8193	"ENSG00000102908.23"	"NFAT5"	chr16	+	69647027	69647586	69647027	69647167	69653235	69653428	8193	0,1,5	0,0,2	0,0,2	0,0,0	198	99	1	1.0	NA,1.0,0.556	NA,NA,1.0	-0.222
8194	"ENSG00000111203.13"	"ITFG2"	chr12	+	2818105	2818353	2818105	2818277	2820085	2820225	8194	0,0,0	2,2,0	0,0,2	0,0,0	175	99	1	1.0	0.0,0.0,NA	NA,NA,1.0	-1.0
8231	"ENSG00000069493.15"	"CLEC2D"	chr12	+	9687901	9688161	9687901	9688086	9692827	9692931	8231	0,0,1	0,1,4	0,0,0	7,0,3	174	99	1	1.0	NA,0.0,0.125	0.0,NA,0.0	0.062
8273	"ENSG00000033627.18"	"ATP6V0A1"	chr17	+	42478462	42478617	42478462	42478589	42480666	42480749	8273	0,2,2	0,0,0	0,0,0	0,2,0	127	99	1	1.0	NA,1.0,1.0	NA,0.0,NA	1.0
8283	"ENSG00000132424.17"	"PNISR"	chr6	-	99403828	99404702	99404602	99404702	99402539	99402710	8283	1,5,6	0,2,0	2,0,0	0,0,0	198	99	1	1.0	1.0,0.556,1.0	1.0,NA,NA	-0.148
8306	"ENSG00000249859.14"	"PVT1"	chr8	+	128070159	128070361	128070159	128070272	128096517	128096654	8306	0,0,0	0,1,0	1,0,0	0,0,0	188	99	1	1.0	NA,0.0,NA	1.0,NA,NA	-1.0
8308	"ENSG00000167548.18"	"KMT2D"	chr12	-	49044190	49044304	49044199	49044304	49043867	49043998	8308	0,0,0	3,2,0	1,0,0	0,0,1	108	99	1	1.0	0.0,0.0,NA	1.0,NA,0.0	-0.5
8311	"ENSG00000167548.18"	"KMT2D"	chr12	-	49049104	49049218	49049107	49049218	49048658	49048769	8311	0,3,0	1,2,5	0,0,0	1,0,0	102	99	1	1.0	0.0,0.593,0.0	0.0,NA,NA	0.198
8316	"ENSG00000167552.15"	"TUBA1A"	chr12	-	49186587	49186833	49186610	49186833	49186309	49186458	8316	2,0,0	2,8,2	0,0,1	1,1,1	122	99	1	1.0	0.448,0.0,0.0	0.0,0.0,0.448	0.0
8335	"ENSG00000161835.11"	"TAMALIN"	chr12	+	52011038	52011207	52011038	52011141	52013686	52013780	8335	0,0,1	1,0,4	0,0,0	1,2,0	165	99	1	1.0	0.0,NA,0.13	0.0,0.0,NA	0.065
8378	"ENSG00000135486.19"	"HNRNPA1"	chr12	+	54282799	54282932	54282799	54282874	54283811	54283967	8378	0,0,1	0,4,5	0,0,0	2,2,0	157	99	1	1.0	NA,0.0,0.112	0.0,0.0,NA	0.056
8416	"ENSG00000092841.19"	"MYL6"	chr12	+	56159586	56159730	56159586	56159622	56159974	56160148	8416	9,12,39	0,0,1	17,3,11	0,0,0	198	99	1	1.0	1.0,1.0,0.951	1.0,1.0,1.0	-0.016
8417	"ENSG00000062485.19"	"CS"	chr12	-	56286496	56286620	56286594	56286620	56285915	56286023	8417	0,0,4	0,0,1	0,0,0	2,0,0	197	99	1	1.0	NA,NA,0.668	0.0,NA,NA	0.668
8418	"ENSG00000135473.16"	"PAN2"	chr12	-	56324036	56324182	56324048	56324182	56323806	56323913	8418	0,0,0	0,0,5	2,0,1	1,0,1	111	99	1	1.0	NA,NA,0.0	0.641,NA,0.471	-0.556
8420	"ENSG00000166986.15"	"MARS1"	chr12	+	57515919	57516158	57515919	57515991	57516244	57516337	8420	0,0,5	1,1,1	1,0,2	1,0,1	198	99	1	1.0	0.0,0.0,0.714	0.333,NA,0.5	-0.178
8425	"ENSG00000185633.11"	"NDUFA4L2"	chr12	-	57236323	57236681	57236592	57236681	57235748	57235809	8425	0,0,0	1,1,1	1,0,0	5,0,2	198	99	1	1.0	0.0,0.0,0.0	0.091,NA,0.0	-0.045
8426	"ENSG00000135506.17"	"OS9"	chr12	+	57695961	57696038	57695961	57695976	57696274	57696373	8426	0,3,6	0,0,2	1,0,2	0,0,0	161	99	1	1.0	NA,1.0,0.648	1.0,NA,1.0	-0.176
8430	"ENSG00000135506.17"	"OS9"	chr12	+	57718145	57718421	57718145	57718376	57718992	57719182	8430	7,19,6	0,5,4	2,0,3	1,0,0	144	99	1	1.0	1.0,0.723,0.508	0.579,NA,1.0	-0.046
8431	"ENSG00000135506.17"	"OS9"	chr12	+	57718992	57720263	57718992	57719182	57720405	57720518	8431	0,2,0	0,1,1	1,0,2	2,0,1	198	99	1	1.0	NA,0.5,0.0	0.2,NA,0.5	-0.1
8443	"ENSG00000178188.16"	"SH2B1"	chr16	+	28872533	28872758	28872533	28872705	28873169	28873269	8443	0,0,0	1,5,0	6,0,0	0,0,0	152	99	1	1.0	0.0,0.0,NA	1.0,NA,NA	-1.0
8444	"ENSG00000161217.12"	"PCYT1A"	chr3	-	196287531	196287726	196287614	196287726	196270414	196270541	8444	0,1,0	0,6,3	1,0,0	2,0,4	182	99	1	1.0	NA,0.083,0.0	0.214,NA,0.0	-0.066
8459	"ENSG00000087460.29"	"GNAS"	chr20	+	58898940	58899162	58898940	58898985	58903530	58903585	8459	0,4,8	6,9,6	0,0,1	11,0,5	198	99	1	1.0	0.0,0.182,0.4	0.0,NA,0.091	0.149
8463	"ENSG00000058272.19"	"PPP1R12A"	chr12	-	79786776	79788783	79788647	79788783	79786373	79786478	8463	0,0,0	0,0,2	0,0,1	0,0,0	198	99	1	1.0	NA,NA,0.0	NA,NA,1.0	-1.0
8477	"ENSG00000132155.14"	"RAF1"	chr3	-	12599690	12599808	12599702	12599808	12591707	12591792	8477	1,0,1	0,0,0	0,1,1	0,1,0	111	99	1	1.0	1.0,NA,1.0	NA,0.471,1.0	0.264
8480	"ENSG00000165280.18"	"VCP"	chr9	-	35059442	35059801	35059492	35059801	35059063	35059219	8480	0,3,0	0,2,3	0,0,0	3,0,0	149	99	1	1.0	NA,0.499,0.0	0.0,NA,NA	0.249
8497	"ENSG00000166598.16"	"HSP90B1"	chr12	+	103931520	103931748	103931520	103931623	103932276	103932418	8497	1,0,1	2,3,13	0,0,1	5,1,3	198	99	1	1.0	0.2,0.0,0.037	0.0,0.0,0.143	0.031
8498	"ENSG00000166598.16"	"HSP90B1"	chr12	+	103943073	103943573	103943073	103943319	103943737	103943874	8498	0,2,7	0,1,8	1,0,0	11,2,5	198	99	1	1.0	NA,0.5,0.304	0.043,0.0,0.0	0.388
8499	"ENSG00000166598.16"	"HSP90B1"	chr12	+	103946617	103946941	103946617	103946696	103947310	103947430	8499	8,30,29	0,0,0	26,4,16	2,0,0	198	99	1	1.0	1.0,1.0,1.0	0.867,1.0,1.0	0.044
8515	"ENSG00000089022.15"	"MAPKAPK5"	chr12	+	111888884	111889006	111888884	111889000	111890039	111890144	8515	0,1,2	0,0,2	2,0,1	0,0,0	105	99	1	1.0	NA,1.0,0.485	1.0,NA,1.0	-0.258
8518	"ENSG00000173064.14"	"HECTD4"	chr12	-	112264083	112264212	112264089	112264212	112261304	112261429	8518	1,3,4	0,0,8	5,0,4	0,0,2	105	99	1	1.0	1.0,1.0,0.32	1.0,NA,0.653	-0.053
8579	"ENSG00000185163.10"	"DDX51"	chr12	-	132141102	132141420	132141274	132141420	132140830	132141020	8579	0,0,0	0,1,0	1,0,0	1,0,2	198	99	1	1.0	NA,0.0,NA	0.333,NA,0.0	-0.167
8581	"ENSG00000111011.18"	"RSRC2"	chr12	-	122521295	122521428	122521384	122521428	122518838	122519029	8581	0,0,0	0,1,0	1,0,1	0,0,1	188	99	1	1.0	NA,0.0,NA	1.0,NA,0.345	-0.672
8582	"ENSG00000112787.14"	"FBRSL1"	chr12	+	132572287	132572344	132572287	132572338	132572526	132572622	8582	8,6,2	0,2,0	0,2,3	1,0,0	105	99	1	1.0	1.0,0.739,1.0	0.0,1.0,1.0	0.246
8585	"ENSG00000012817.16"	"KDM5D"	chrY	-	19708243	19708423	19708321	19708423	19707933	19708071	8585	3,5,0	2,0,0	1,0,0	0,0,0	177	99	1	1.0	0.456,1.0,NA	1.0,NA,NA	-0.272
8592	"ENSG00000159069.14"	"FBXW5"	chr9	-	136941754	136942466	136942099	136942466	136941536	136941684	8592	0,1,1	0,0,2	0,0,1	0,0,0	198	99	1	1.0	NA,1.0,0.2	NA,NA,1.0	-0.4
8593	"ENSG00000159069.14"	"FBXW5"	chr9	-	136942045	136942466	136942099	136942466	136941536	136941684	8593	0,2,7	0,0,2	0,3,1	0,0,0	153	99	1	1.0	NA,1.0,0.694	NA,1.0,1.0	-0.153
8615	"ENSG00000120686.12"	"UFM1"	chr13	+	38349998	38350227	38349998	38350055	38354238	38354296	8615	0,1,0	0,0,2	0,0,0	1,0,0	198	99	1	1.0	NA,1.0,0.0	0.0,NA,NA	0.5
8682	"ENSG00000198561.16"	"CTNND1"	chr11	+	57811398	57814373	57811398	57811486	57815393	57815500	8682	0,0,7	0,0,1	0,1,0	0,0,0	198	99	1	1.0	NA,NA,0.778	NA,1.0,NA	-0.222
8728	"ENSG00000092199.19"	"HNRNPC"	chr14	-	21230957	21231072	21230996	21231072	21230318	21230366	8728	1,2,3	0,2,5	0,0,2	3,1,5	138	99	0.00116827589227	0.32521449575845	1.0,0.418,0.301	0.0,0.0,0.223	0.499
8732	"ENSG00000100888.15"	"CHD8"	chr14	-	21430800	21431858	21431810	21431858	21428963	21429335	8732	0,0,1	0,0,0	0,0,0	0,0,1	198	99	1	1.0	NA,NA,1.0	NA,NA,0.0	1.0
8746	"ENSG00000213983.12"	"AP1G2"	chr14	-	23567596	23567783	23567738	23567783	23567110	23567319	8746	0,0,1	0,0,1	0,0,0	0,0,4	198	99	1	1.0	NA,NA,0.333	NA,NA,0.0	0.333
8748	"ENSG00000100889.12"	"PCK2"	chr14	+	24094310	24094845	24094310	24094434	24096891	24097137	8748	0,1,2	0,0,0	0,0,0	0,0,2	198	99	1	1.0	NA,1.0,1.0	NA,NA,0.0	1.0
