ID	GeneID	geneSymbol	chr	strand	1stExonStart_0base	1stExonEnd	2ndExonStart_0base	2ndExonEnd	upstreamES	upstreamEE	downstreamES	downstreamEE	ID	IJC_SAMPLE_1	SJC_SAMPLE_1	IJC_SAMPLE_2	SJC_SAMPLE_2	IncFormLen	SkipFormLen	PValue	FDR	IncLevel1	IncLevel2	IncLevelDifference
28	"ENSG00000225470.9"	"JPX"	chrX	+	73946998	73947374	73994839	73994961	73944583	73944662	73998767	73998844	28	0,0,0	0,0,1	2,0,0	0,0,0	198	198	1	1.0	NA,NA,0.0	1.0,NA,NA	-1.0
31	"ENSG00000225470.9"	"JPX"	chrX	+	73946998	73947374	73994839	73994961	73944583	73944662	73999354	74000496	31	0,0,0	0,0,1	2,0,0	0,0,0	198	198	1	1.0	NA,NA,0.0	1.0,NA,NA	-1.0
47	"ENSG00000225470.9"	"JPX"	chrX	+	73994839	73994961	73998767	73998844	73944583	73944662	73998953	74000496	47	0,0,1	0,0,0	0,0,0	0,0,4	198	176	1	1.0	NA,NA,1.0	NA,NA,0.0	1.0
55	"ENSG00000068400.14"	"GRIPAP1"	chrX	-	48981214	48981314	48981415	48981472	48978304	48978435	48981595	48981691	55	1,1,0	0,2,4	0,0,0	0,2,1	156	198	1	1.0	1.0,0.388,0.0	NA,0.0,0.0	0.463
56	"ENSG00000068400.14"	"GRIPAP1"	chrX	-	48990684	48990732	48990925	48991110	48989971	48990003	48993427	48993578	56	0,8,1	1,5,0	1,1,0	0,2,0	198	147	1	1.0	0.0,0.543,1.0	1.0,0.271,NA	-0.121
57	"ENSG00000068400.14"	"GRIPAP1"	chrX	-	48990925	48991102	48993427	48993578	48990684	48990732	48997249	48997357	57	0,5,3	1,9,8	0,0,0	0,2,2	198	198	1	1.0	0.0,0.357,0.273	NA,0.0,0.0	0.21
58	"ENSG00000068400.14"	"GRIPAP1"	chrX	-	48990925	48991110	48993427	48993578	48990684	48990732	48997249	48997357	58	0,5,3	1,9,8	0,0,0	0,2,2	198	198	1	1.0	0.0,0.357,0.273	NA,0.0,0.0	0.21
59	"ENSG00000068400.14"	"GRIPAP1"	chrX	-	48993427	48993578	48997249	48997357	48990925	48991110	48998153	48998180	59	2,1,8	0,5,1	10,0,4	0,1,0	198	198	0.0683957633815	1.0	1.0,0.167,0.889	1.0,0.0,1.0	0.019
60	"ENSG00000068400.14"	"GRIPAP1"	chrX	-	48997249	48997357	48998153	48998180	48993427	48993578	48999237	48999299	60	0,0,0	0,2,0	1,0,0	0,0,2	126	198	1	1.0	NA,0.0,NA	1.0,NA,0.0	-0.5
61	"ENSG00000068400.14"	"GRIPAP1"	chrX	-	48997249	48997357	48999237	48999299	48993427	48993578	48999437	48999504	61	0,5,1	0,2,0	1,0,0	0,0,0	161	198	1	1.0	NA,0.755,1.0	1.0,NA,NA	-0.123
64	"ENSG00000215301.11"	"DDX3X"	chrX	+	41343215	41343351	41343736	41343822	41342736	41342836	41344029	41344128	64	0,0,2	0,0,4	0,1,0	3,0,2	198	185	1	1.0	NA,NA,0.318	0.0,1.0,0.0	-0.015
65	"ENSG00000215301.11"	"DDX3X"	chrX	+	41343736	41343822	41344029	41344128	41343215	41343351	41344238	41344399	65	0,1,2	1,0,4	0,0,0	2,0,1	185	198	1	1.0	0.0,1.0,0.349	0.0,NA,0.0	0.45
75	"ENSG00000046651.16"	"OFD1"	chrX	+	13763744	13763855	13767126	13767284	13762343	13762444	13768053	13768224	75	0,2,6	1,3,11	0,1,6	2,0,0	198	198	0.00519668629071	0.35250855338649506	0.0,0.4,0.353	0.0,1.0,1.0	-0.416
94	"ENSG00000239900.14"	"ADSL"	chr22	+	40353072	40353117	40354247	40354327	40349831	40350035	40358863	40359035	94	0,0,2	0,4,0	0,0,1	0,0,0	144	179	1	1.0	NA,0.0,1.0	NA,NA,1.0	-0.5
117	"ENSG00000015475.19"	"BID"	chr22	-	17743802	17744013	17750104	17750174	17739348	17739488	17774380	17774495	117	0,2,0	0,1,0	0,0,2	0,0,0	169	198	1	1.0	NA,0.701,NA	NA,NA,1.0	-0.299
118	"ENSG00000099968.18"	"BCL2L13"	chr22	+	17683213	17683321	17702242	17702386	17655661	17655832	17726676	17730855	118	0,0,1	0,0,0	0,0,0	2,0,0	198	198	1	1.0	NA,NA,1.0	0.0,NA,NA	1.0
124	"ENSG00000157601.15"	"MX1"	chr21	+	41449136	41449295	41451166	41451243	41445999	41446141	41452620	41452869	124	0,0,2	0,0,1	2,0,7	0,4,5	198	176	1	1.0	NA,NA,0.64	1.0,0.0,0.554	0.122
138	"ENSG00000182670.14"	"TTC3"	chr21	+	37157160	37157214	37158130	37158203	37156654	37156906	37159698	37159745	138	0,0,2	0,0,2	1,0,0	0,0,0	153	172	1	1.0	NA,NA,0.529	1.0,NA,NA	-0.471
143	"ENSG00000142192.22"	"APP"	chr21	-	25997359	25997416	26000014	26000182	25982343	25982477	26021839	26022042	143	8,20,42	0,4,0	11,7,5	0,0,0	198	156	0.456267715998	1.0	1.0,0.798,1.0	1.0,1.0,1.0	-0.067
202	"ENSG00000101084.19"	"RAB5IF"	chr20	+	36607889	36608000	36609600	36609730	36607714	36607818	36612009	36612557	202	0,0,0	0,0,6	2,0,0	0,0,1	198	198	1	1.0	NA,NA,0.0	1.0,NA,0.0	-0.5
203	"ENSG00000101084.19"	"RAB5IF"	chr20	+	36607889	36608000	36609600	36609758	36607714	36607818	36612009	36612557	203	0,0,0	0,0,4	2,0,0	0,0,1	198	198	1	1.0	NA,NA,0.0	1.0,NA,0.0	-0.5
205	"ENSG00000131051.24"	"RBM39"	chr20	-	35739392	35739547	35740524	35740597	35738967	35739017	35740823	35740887	205	1,5,11	0,0,1	1,0,1	0,0,0	172	198	1	1.0	1.0,1.0,0.927	1.0,NA,1.0	-0.024
218	"ENSG00000100997.20"	"ABHD12"	chr20	-	25303549	25303628	25306832	25306915	25302218	25302346	25307965	25308045	218	0,2,1	0,0,0	0,0,0	0,0,2	182	178	1	1.0	NA,1.0,1.0	NA,NA,0.0	1.0
230	"ENSG00000184381.20"	"PLA2G6"	chr22	-	38139981	38140169	38143104	38143288	38134987	38135084	38145437	38145653	230	0,7,0	0,2,2	0,0,1	0,0,4	198	198	1	1.0	NA,0.778,0.0	NA,NA,0.2	0.189
240	"ENSG00000039650.12"	"PNKP"	chr19	-	49862184	49862281	49862370	49862463	49862043	49862105	49862537	49862608	240	0,3,0	1,1,0	1,0,1	3,0,0	192	196	1	1.0	0.0,0.754,NA	0.254,NA,1.0	-0.25
250	"ENSG00000118156.13"	"ZNF541"	chr19	-	47538141	47538439	47539704	47539878	47532908	47532972	47540175	47540335	250	0,0,0	2,0,0	0,0,2	0,0,0	198	198	1	1.0	0.0,NA,NA	NA,NA,1.0	-1.0
266	"ENSG00000076928.20"	"ARHGEF1"	chr19	+	41904948	41905036	41905174	41905261	41904215	41904383	41905759	41905827	266	0,2,0	1,5,0	0,0,2	4,1,2	187	186	1	1.0	0.0,0.285,NA	0.0,0.0,0.499	-0.024
280	"ENSG00000090006.18"	"LTBP4"	chr19	+	40616888	40617020	40617099	40617225	40614314	40614446	40619346	40619493	280	1,0,1	0,0,1	2,0,0	0,0,0	198	198	1	1.0	1.0,NA,0.5	1.0,NA,NA	-0.25
282	"ENSG00000130402.14"	"ACTN4"	chr19	+	38710256	38710342	38711275	38711361	38709394	38709476	38714468	38714561	282	0,3,0	0,0,1	2,0,0	0,0,0	185	185	1	1.0	NA,1.0,0.0	1.0,NA,NA	-0.5
287	"ENSG00000245680.11"	"ZNF585B"	chr19	-	37195880	37196019	37198938	37199054	37190023	37190150	37207039	37207254	287	0,0,2	0,0,0	0,0,0	2,0,0	198	198	1	1.0	NA,NA,1.0	0.0,NA,NA	1.0
307	"ENSG00000011243.19"	"AKAP8L"	chr19	-	15403474	15403555	15403657	15403715	15401149	15401603	15404009	15404042	307	0,0,1	1,1,0	0,0,0	2,0,0	157	180	1	1.0	0.0,0.0,1.0	0.0,NA,NA	0.333
320	"ENSG00000060069.18"	"CTDP1"	chr18	+	79728906	79729069	79736354	79736521	79717809	79718016	79753651	79754503	320	0,0,3	0,1,0	0,0,1	0,0,0	198	198	1	1.0	NA,0.0,1.0	NA,NA,1.0	-0.5
322	"ENSG00000134444.15"	"RELCH"	chr18	+	62279773	62279856	62280359	62280442	62275373	62275473	62280645	62280709	322	0,0,2	0,0,2	0,0,0	1,0,1	182	182	1	1.0	NA,NA,0.5	0.0,NA,0.0	0.5
325	"ENSG00000172175.16"	"MALT1"	chr18	+	58734306	58734381	58734450	58734566	58733396	58733574	58735201	58735329	325	0,0,1	0,1,0	2,0,0	0,0,0	174	198	1	1.0	NA,0.0,1.0	1.0,NA,NA	-0.5
338	"ENSG00000196628.20"	"TCF4"	chr18	-	55482149	55482256	55518981	55519024	55464075	55464137	55585279	55585352	338	0,0,0	0,0,1	0,0,1	0,0,0	142	198	1	1.0	NA,NA,0.0	NA,NA,1.0	-1.0
340	"ENSG00000141644.19"	"MBD1"	chr18	-	50274185	50274353	50274976	50275045	50273563	50273863	50275128	50275245	340	1,5,1	0,1,4	2,2,0	0,1,0	168	198	1	1.0	1.0,0.855,0.228	1.0,0.702,NA	-0.157
391	"ENSG00000101557.15"	"USP14"	chr18	+	166786	166819	178932	179037	163307	163453	180235	180339	391	0,0,0	0,1,0	0,0,2	0,0,0	132	198	1	1.0	NA,0.0,NA	NA,NA,1.0	-1.0
395	"ENSG00000185624.16"	"P4HB"	chr17	-	81846946	81847068	81847242	81847347	81846428	81846629	81855141	81855279	395	8,1,3	6,3,7	0,0,1	5,0,5	198	198	1	1.0	0.571,0.25,0.3	0.0,NA,0.167	0.29
401	"ENSG00000185339.10"	"TCN2"	chr22	+	30612872	30613042	30614348	30614501	30610870	30611063	30615300	30615473	401	0,0,1	0,0,0	0,0,0	2,0,0	198	198	1	1.0	NA,NA,1.0	0.0,NA,NA	1.0
403	"ENSG00000125450.11"	"NUP85"	chr17	+	75218184	75218306	75225102	75225237	75215753	75215823	75225341	75225464	403	2,0,0	0,0,1	1,0,0	4,0,1	198	198	1	1.0	1.0,NA,0.0	0.2,NA,0.0	0.4
419	"ENSG00000108848.16"	"LUC7L3"	chr17	+	50737286	50737479	50738140	50738199	50736959	50737026	50740305	50740345	419	2,2,2	0,0,1	3,0,0	0,0,0	198	158	1	1.0	1.0,1.0,0.615	1.0,NA,NA	-0.128
437	"ENSG00000108799.13"	"EZH1"	chr17	-	42722794	42722915	42724304	42724424	42720272	42720449	42727634	42727763	437	0,1,1	2,1,6	0,0,0	1,0,0	198	198	1	1.0	0.0,0.5,0.143	0.0,NA,NA	0.214
441	"ENSG00000073605.19"	"GSDMB"	chr17	-	39906960	39906987	39908175	39908214	39906110	39906271	39908957	39909042	441	0,0,0	0,1,1	1,0,0	0,0,1	138	126	1	1.0	NA,0.0,0.0	1.0,NA,0.0	-0.5
450	"ENSG00000161405.17"	"IKZF3"	chr17	-	39792672	39792933	39829386	39829488	39791415	39791583	39832097	39832151	450	0,0,0	0,1,0	2,0,0	0,0,0	198	198	1	1.0	NA,0.0,NA	1.0,NA,NA	-1.0
454	"ENSG00000275700.6"	"AATF"	chr17	+	36953769	36953907	36986616	36986731	36952885	36953296	36988518	36988720	454	1,3,6	0,0,1	3,0,0	3,0,1	198	198	1	1.0	1.0,1.0,0.857	0.5,NA,0.0	0.702
464	"ENSG00000101266.19"	"CSNK2A1"	chr20	-	499254	499305	499832	499934	497720	497780	505117	505229	464	0,2,0	0,0,0	0,0,0	0,0,8	198	150	1	1.0	NA,1.0,NA	NA,NA,0.0	1.0
469	"ENSG00000175662.18"	"TOM1L2"	chr17	-	17882704	17882863	17884633	17884768	17879626	17879743	17893660	17893810	469	0,0,1	0,2,2	0,0,0	1,0,0	198	198	1	1.0	NA,0.0,0.333	0.0,NA,NA	0.167
470	"ENSG00000175662.18"	"TOM1L2"	chr17	-	17884633	17884768	17893660	17893810	17882704	17882863	17898595	17898674	470	0,0,3	2,2,0	0,0,1	0,0,1	198	198	1	1.0	0.0,0.0,1.0	NA,NA,0.5	-0.167
476	"ENSG00000178971.17"	"CTC1"	chr17	-	8228726	8228892	8229141	8229206	8228502	8228629	8229301	8229446	476	0,0,0	0,0,2	0,0,2	0,0,1	164	198	1	1.0	NA,NA,0.0	NA,NA,0.707	-0.707
483	"ENSG00000091592.17"	"NLRP1"	chr17	-	5532821	5532984	5536850	5536940	5530480	5530704	5539414	5539585	483	0,1,0	0,0,0	0,0,0	1,0,0	189	198	1	1.0	NA,1.0,NA	0.0,NA,NA	1.0
487	"ENSG00000141252.21"	"VPS53"	chr17	-	628087	628231	631549	631628	627173	627316	653290	653410	487	0,2,0	0,0,1	1,0,0	2,0,0	178	198	1	1.0	NA,1.0,0.0	0.357,NA,NA	0.143
488	"ENSG00000141252.21"	"VPS53"	chr17	-	655837	655953	661808	661895	653290	653410	697417	697484	488	0,0,1	0,1,3	2,0,0	0,1,0	186	198	1	1.0	NA,0.0,0.262	1.0,0.0,NA	-0.369
500	"ENSG00000185324.22"	"CDK10"	chr16	+	89687588	89687815	89689251	89689324	89686689	89686797	89690552	89690624	500	0,2,0	1,3,4	0,0,0	0,0,2	198	172	1	1.0	0.0,0.367,0.0	NA,NA,0.0	0.122
504	"ENSG00000118705.18"	"RPN2"	chr20	+	37198396	37198492	37199049	37199225	37184179	37184373	37203884	37203960	504	0,2,3	0,2,6	0,0,2	0,0,0	195	198	1	1.0	NA,0.504,0.337	NA,NA,1.0	-0.58
514	"ENSG00000168411.14"	"RFWD3"	chr16	-	74651919	74652122	74660931	74661451	74649131	74649202	74664623	74664745	514	0,0,1	0,2,2	0,0,0	1,0,0	198	198	1	1.0	NA,0.0,0.333	0.0,NA,NA	0.167
518	"ENSG00000039068.20"	"CDH1"	chr16	+	68808692	68808848	68810196	68810341	68808423	68808567	68811683	68811859	518	0,0,3	0,0,2	1,0,1	0,0,0	198	198	1	1.0	NA,NA,0.6	1.0,NA,1.0	-0.4
532	"ENSG00000135720.13"	"DYNC1LI2"	chr16	-	66742437	66742668	66749196	66749313	66736074	66736244	66751272	66751346	532	1,0,2	0,0,1	0,0,4	0,0,1	198	198	1	1.0	1.0,NA,0.667	NA,NA,0.8	0.033
533	"ENSG00000254788.7"	"CKLF-CMTM1"	chr16	+	66558189	66558348	66563121	66563217	66552678	66552793	66577103	66577202	533	0,1,1	0,0,1	0,0,1	0,0,0	198	195	1	1.0	NA,1.0,0.496	NA,NA,1.0	-0.252
542	"ENSG00000290927.1"	"ENSG00000290927"	chr16	+	31705348	31705472	31705671	31705792	31704219	31704390	31705889	31706034	542	0,2,2	0,2,1	0,0,0	4,0,0	198	198	1	1.0	NA,0.5,0.667	0.0,NA,NA	0.584
544	"ENSG00000290927.1"	"ENSG00000290927"	chr16	+	31705671	31705792	31705889	31706034	31705348	31705472	31706890	31707437	544	2,0,4	1,0,0	10,0,7	2,0,0	198	198	1	1.0	0.667,NA,1.0	0.833,NA,1.0	-0.083
550	"ENSG00000188603.22"	"CLN3"	chr16	-	28487661	28487741	28488590	28488662	28487455	28487541	28489289	28489386	550	0,1,0	0,0,3	1,0,0	0,0,0	171	179	1	1.0	NA,1.0,0.0	1.0,NA,NA	-0.5
551	"ENSG00000188603.22"	"CLN3"	chr16	-	28487661	28487741	28489289	28489386	28487455	28487541	28491481	28491560	551	1,1,1	0,0,3	1,0,0	0,0,0	196	179	1	1.0	1.0,1.0,0.233	1.0,NA,NA	-0.256
570	"ENSG00000122390.19"	"NAA60"	chr16	+	3479470	3479600	3482501	3482598	3476221	3476337	3483362	3483597	570	1,2,2	0,0,0	0,0,0	0,0,2	198	196	1	1.0	1.0,1.0,1.0	NA,NA,0.0	1.0
571	"ENSG00000008517.19"	"IL32"	chr16	+	3067376	3067415	3067442	3067613	3065783	3065826	3067983	3068010	571	0,0,0	0,0,2	2,0,0	0,0,0	138	198	1	1.0	NA,NA,0.0	1.0,NA,NA	-1.0
592	"ENSG00000068305.19"	"MEF2A"	chr15	+	99671322	99671454	99671519	99671657	99645560	99645764	99674392	99674612	592	0,0,5	0,0,1	0,0,3	0,0,2	198	198	1	1.0	NA,NA,0.833	NA,NA,0.6	0.233
604	"ENSG00000099991.18"	"CABIN1"	chr22	+	24050824	24050974	24054872	24055159	24049090	24049220	24056191	24056360	604	0,6,2	0,1,1	1,0,1	0,0,0	198	198	1	1.0	NA,0.857,0.667	1.0,NA,1.0	-0.238
610	"ENSG00000140612.14"	"SEC11A"	chr15	-	84680712	84680832	84687624	84687774	84670724	84670782	84691534	84691644	610	0,0,0	0,0,1	0,0,3	1,0,4	198	198	1	1.0	NA,NA,0.0	0.0,NA,0.429	-0.214
617	"ENSG00000213614.11"	"HEXA"	chr15	-	72346526	72346710	72347685	72347758	72345445	72346325	72348047	72348134	617	1,0,0	3,0,0	0,0,0	2,0,0	172	198	1	1.0	0.277,NA,NA	0.0,NA,NA	0.277
619	"ENSG00000067225.21"	"PKM"	chr15	-	72202453	72202620	72203021	72203188	72200473	72200655	72206727	72206880	619	0,0,0	5,9,8	0,0,1	12,4,8	198	198	1	1.0	0.0,0.0,0.0	0.0,0.0,0.111	-0.037
629	"ENSG00000197535.16"	"MYO5A"	chr15	-	52353870	52354014	52359967	52360081	52353604	52353658	52364553	52364702	629	0,0,1	0,2,4	2,0,3	0,0,1	198	198	1	1.0	NA,0.0,0.2	1.0,NA,0.75	-0.775
651	"ENSG00000170113.16"	"NIPA1"	chr15	+	22813632	22813714	22814082	22814153	22812162	22812253	22820312	22820473	651	0,0,1	0,0,0	0,0,0	1,0,0	181	170	1	1.0	NA,NA,1.0	0.0,NA,NA	1.0
655	"ENSG00000290376.1"	"HERC2P3"	chr15	-	20466194	20466370	20483402	20483517	20462830	20463001	20505390	20505493	655	2,3,2	0,0,1	0,0,0	1,0,1	198	198	1	1.0	1.0,1.0,0.667	0.0,NA,0.0	0.889
657	"ENSG00000105669.14"	"COPE"	chr19	-	18906959	18907112	18910970	18911071	18905575	18905629	18912983	18913046	657	0,0,2	0,1,1	1,0,2	2,0,2	198	198	1	1.0	NA,0.0,0.667	0.333,NA,0.5	-0.083
659	"ENSG00000203485.14"	"INF2"	chr14	+	104706909	104707051	104707252	104708002	104706034	104706176	104708435	104708587	659	0,0,1	0,3,5	0,0,0	1,0,1	198	198	1	1.0	NA,0.0,0.167	0.0,NA,0.0	0.084
660	"ENSG00000203485.14"	"INF2"	chr14	+	104706909	104707051	104707847	104708002	104706034	104706176	104708435	104708587	660	0,0,1	0,3,5	0,0,0	1,0,1	198	198	1	1.0	NA,0.0,0.167	0.0,NA,0.0	0.084
661	"ENSG00000203485.14"	"INF2"	chr14	+	104710087	104710188	104710936	104711007	104709619	104709705	104711078	104711186	661	0,1,3	0,0,1	0,2,0	0,0,0	198	170	1	1.0	NA,1.0,0.72	NA,1.0,NA	-0.14
664	"ENSG00000075413.19"	"MARK3"	chr14	+	103428386	103428440	103448918	103448967	103405075	103405267	103451917	103451983	664	0,0,1	0,0,0	0,0,0	0,2,0	153	148	1	1.0	NA,NA,1.0	NA,0.0,NA	1.0
665	"ENSG00000075413.19"	"MARK3"	chr14	+	103428386	103428440	103451917	103451983	103405075	103405267	103457141	103457212	665	0,0,1	0,0,3	0,0,0	1,0,0	153	165	1	1.0	NA,NA,0.264	0.0,NA,NA	0.264
676	"ENSG00000075413.19"	"MARK3"	chr14	+	103448918	103448967	103451917	103451983	103428386	103428440	103457141	103457212	676	0,0,2	0,0,3	0,0,0	1,0,0	148	165	1	1.0	NA,NA,0.426	0.0,NA,NA	0.426
688	"ENSG00000131323.17"	"TRAF3"	chr14	+	102886188	102886269	102889559	102889634	102876357	102876525	102891324	102891417	688	1,0,5	0,3,1	0,1,1	1,0,0	180	174	0.1079621747	1.0	1.0,0.0,0.829	0.0,1.0,1.0	-0.057
750	"ENSG00000100591.8"	"AHSA1"	chr14	+	77462641	77462759	77468082	77468184	77462159	77462242	77469076	77469470	750	0,0,3	1,0,0	0,0,2	0,0,0	198	198	1	1.0	0.0,NA,1.0	NA,NA,1.0	-0.5
762	"ENSG00000072110.16"	"ACTN1"	chr14	-	68878457	68878523	68878988	68879069	68877081	68877240	68879961	68880108	762	1,0,0	0,0,2	2,0,4	0,0,0	180	165	1	1.0	1.0,NA,0.0	1.0,NA,1.0	-0.5
763	"ENSG00000072121.17"	"ZFYVE26"	chr14	-	67805453	67805618	67805901	67806018	67805216	67805305	67806544	67806675	763	0,0,0	0,2,7	2,0,0	5,0,2	198	198	1	1.0	NA,0.0,0.0	0.286,NA,0.0	-0.143
776	"ENSG00000065559.15"	"MAP2K4"	chr17	+	12054888	12054991	12081355	12081530	12020869	12021001	12095574	12095694	776	1,0,0	0,0,0	0,0,0	0,0,1	198	198	1	1.0	1.0,NA,NA	NA,NA,0.0	1.0
779	"ENSG00000112715.26"	"VEGFA"	chr6	+	43778459	43778536	43782010	43782087	43777468	43777665	43784540	43784562	779	2,0,0	0,0,0	0,2,0	1,0,0	176	176	1	1.0	1.0,NA,NA	0.0,1.0,NA	0.5
794	"ENSG00000204410.16"	"MSH5"	chr6	+	31761817	31761865	31761865	31761955	31761471	31761615	31762111	31762185	794	0,0,0	0,2,1	1,0,0	0,0,1	147	189	1	1.0	NA,0.0,0.0	1.0,NA,0.0	-0.5
802	"ENSG00000100292.18"	"HMOX1"	chr22	+	35386684	35387176	35389863	35389963	35383105	35383226	35393467	35394207	802	0,0,1	1,0,0	0,0,0	2,0,0	198	198	1	1.0	0.0,NA,1.0	0.0,NA,NA	0.5
811	"ENSG00000112685.14"	"EXOC2"	chr6	-	657162	657250	689138	689212	637700	637861	693018	693111	811	0,0,2	0,0,0	0,0,1	0,1,0	173	187	1	1.0	NA,NA,1.0	NA,0.0,1.0	0.5
815	"ENSG00000196923.14"	"PDLIM7"	chr5	-	177491403	177491420	177491806	177491925	177491009	177491146	177492404	177492435	815	2,0,1	0,0,0	0,0,0	0,0,2	198	116	1	1.0	1.0,NA,1.0	NA,NA,0.0	1.0
854	"ENSG00000173575.24"	"CHD2"	chr15	+	92929029	92929091	92937517	92937625	92927243	92927330	92939577	92939718	854	0,6,4	0,6,6	0,0,0	1,3,4	161	198	1	1.0	NA,0.552,0.451	0.0,0.0,0.0	0.502
855	"ENSG00000173575.24"	"CHD2"	chr15	+	92956458	92956649	92967324	92967513	92955422	92955512	92971764	92971927	855	0,0,10	0,2,7	1,0,0	0,0,0	198	198	1	1.0	NA,0.0,0.588	1.0,NA,NA	-0.706
856	"ENSG00000173575.24"	"CHD2"	chr15	+	92991346	92991430	92991475	92991517	92985497	92985673	92992858	92992998	856	0,0,1	3,4,10	0,0,0	2,0,1	183	141	1	1.0	0.0,0.0,0.072	0.0,NA,0.0	0.024
859	"ENSG00000070756.17"	"PABPC1"	chr8	-	100712361	100712457	100712651	100712789	100709458	100709731	100713086	100713181	859	14,21,64	3,5,16	22,3,16	6,0,2	198	195	0.324294662665	1.0	0.821,0.805,0.798	0.783,1.0,0.887	-0.082
863	"ENSG00000126091.21"	"ST3GAL3"	chr1	+	43838218	43838311	43894382	43894477	43814890	43814933	43898234	43898298	863	0,1,0	0,0,0	0,0,0	0,0,1	192	194	1	1.0	NA,1.0,NA	NA,NA,0.0	1.0
876	"ENSG00000081189.17"	"MEF2C"	chr5	-	88760987	88761125	88761184	88761328	88751856	88752043	88804597	88804801	876	0,5,6	2,0,0	0,0,2	0,0,0	198	198	1	1.0	0.0,1.0,1.0	NA,NA,1.0	-0.333
878	"ENSG00000113522.14"	"RAD50"	chr5	+	132591223	132591406	132591876	132592034	132589630	132589837	132594868	132595044	878	0,0,2	0,0,2	0,0,0	1,0,0	198	198	1	1.0	NA,NA,0.5	0.0,NA,NA	0.5
883	"ENSG00000168002.12"	"POLR2G"	chr11	+	62762541	62762866	62762866	62763026	62761794	62761904	62765181	62765232	883	0,0,1	0,0,2	0,0,0	0,0,2	198	198	1	1.0	NA,NA,0.333	NA,NA,0.0	0.333
887	"ENSG00000122008.16"	"POLK"	chr5	+	75590343	75590440	75593877	75594049	75587025	75587058	75596221	75597178	887	0,0,3	0,0,1	1,0,1	0,0,0	196	198	1	1.0	NA,NA,0.752	1.0,NA,1.0	-0.248
890	"ENSG00000138698.15"	"RAP1GDS1"	chr4	+	98343138	98343261	98352475	98352601	98293407	98293515	98391951	98392080	890	0,3,4	0,0,0	0,0,0	2,0,0	198	198	1	1.0	NA,1.0,1.0	0.0,NA,NA	1.0
893	"ENSG00000244627.6"	"TPTEP2"	chr22	-	38363053	38363104	38369985	38370045	38361380	38361560	38380369	38380423	893	0,0,0	0,0,2	3,0,0	0,0,0	159	150	1	1.0	NA,NA,0.0	1.0,NA,NA	-1.0
903	"ENSG00000151092.18"	"NGLY1"	chr3	-	25736003	25736149	25736308	25736400	25733871	25733982	25737333	25737455	903	0,1,0	0,1,3	0,0,0	1,0,0	191	198	1	1.0	NA,0.509,0.0	0.0,NA,NA	0.255
907	"ENSG00000141698.17"	"NT5C3B"	chr17	-	41828789	41828952	41830800	41830890	41827425	41827626	41832391	41832477	907	2,1,1	0,0,0	0,0,0	1,0,0	189	198	1	1.0	1.0,1.0,1.0	0.0,NA,NA	1.0
910	"ENSG00000125347.15"	"IRF1"	chr5	-	132485666	132485716	132486250	132486373	132484361	132484497	132486556	132486686	910	0,0,2	0,0,0	2,0,1	0,2,3	198	149	1	1.0	NA,NA,1.0	1.0,0.0,0.201	0.6
912	"ENSG00000132676.16"	"DAP3"	chr1	+	155717005	155717128	155721516	155721618	155709772	155709824	155725381	155725490	912	0,0,0	0,0,3	2,0,0	0,0,0	198	198	1	1.0	NA,NA,0.0	1.0,NA,NA	-1.0
913	"ENSG00000132676.16"	"DAP3"	chr1	+	155731943	155732033	155736945	155737063	155731355	155731415	155738156	155738529	913	0,1,3	0,0,1	0,0,1	0,0,1	189	198	1	1.0	NA,1.0,0.759	NA,NA,0.512	0.367
916	"ENSG00000198836.11"	"OPA1"	chr3	+	193615673	193615770	193617783	193617837	193614722	193615041	193618868	193618936	916	0,0,1	0,0,0	0,0,0	0,1,1	196	153	1	1.0	NA,NA,1.0	NA,0.0,0.0	1.0
917	"ENSG00000198836.11"	"OPA1"	chr3	+	193617177	193617285	193617783	193617837	193615673	193615770	193618868	193618936	917	0,1,1	0,0,0	0,0,0	0,0,1	198	153	1	1.0	NA,1.0,1.0	NA,NA,0.0	1.0
1016	"ENSG00000173039.20"	"RELA"	chr11	-	65660123	65660215	65661686	65661835	65659665	65659797	65661936	65662088	1016	0,0,0	0,2,0	0,0,1	1,0,0	198	191	1	1.0	NA,0.0,NA	0.0,NA,1.0	-0.5
1020	"ENSG00000047578.14"	"KATNIP"	chr16	+	27699533	27699599	27701588	27701695	27698327	27698500	27703895	27703998	1020	0,1,4	0,2,2	1,0,1	0,0,1	165	198	1	1.0	NA,0.375,0.706	1.0,NA,0.545	-0.232
1024	"ENSG00000170445.16"	"HARS1"	chr5	-	140677907	140678015	140683099	140683219	140677654	140677753	140690854	140690944	1024	1,1,0	0,1,1	0,1,1	0,0,0	198	198	1	1.0	1.0,0.5,0.0	NA,1.0,1.0	-0.5
1050	"ENSG00000198625.14"	"MDM4"	chr1	+	204526359	204526434	204537458	204537497	204525483	204525596	204538208	204538308	1050	0,1,4	0,1,0	0,0,1	0,0,0	174	138	1	1.0	NA,0.442,1.0	NA,NA,1.0	-0.279
1069	"ENSG00000054611.14"	"TBC1D22A"	chr22	+	46797443	46797620	46878652	46878723	46793500	46793841	46891265	46891394	1069	7,10,10	0,0,2	2,2,6	0,0,2	198	170	1	1.0	1.0,1.0,0.811	1.0,1.0,0.72	0.03
1072	"ENSG00000115355.18"	"CCDC88A"	chr2	-	55349517	55349599	55355578	55355751	55346174	55346333	55362307	55362448	1072	0,3,10	3,6,12	0,0,0	7,0,5	198	181	1	1.0	0.0,0.314,0.432	0.0,NA,0.0	0.249
1073	"ENSG00000115355.18"	"CCDC88A"	chr2	-	55355578	55355751	55362307	55362448	55349517	55349599	55363949	55364033	1073	0,2,6	2,6,20	0,0,0	6,0,1	198	198	1	1.0	0.0,0.25,0.231	0.0,NA,0.0	0.16
1079	"ENSG00000197912.16"	"SPG7"	chr16	+	89536764	89536948	89540943	89541346	89532462	89532636	89544647	89544772	1079	1,0,0	2,0,1	0,0,1	0,0,0	198	198	1	1.0	0.333,NA,0.0	NA,NA,1.0	-0.834
1080	"ENSG00000197912.16"	"SPG7"	chr16	+	89536764	89536948	89540943	89541384	89532462	89532636	89544647	89544772	1080	1,0,0	2,0,1	0,0,1	0,0,0	198	198	1	1.0	0.333,NA,0.0	NA,NA,1.0	-0.834
1081	"ENSG00000197912.16"	"SPG7"	chr16	+	89536764	89536948	89540943	89542279	89532462	89532636	89544647	89544772	1081	1,0,0	2,0,1	0,0,1	0,0,0	198	198	1	1.0	0.333,NA,0.0	NA,NA,1.0	-0.834
1085	"ENSG00000119139.21"	"TJP2"	chr9	+	69248011	69248224	69251034	69251364	69246689	69246790	69252814	69252900	1085	0,3,0	2,1,1	2,0,0	0,2,1	198	198	0.959246601347	1.0	0.0,0.75,0.0	1.0,0.0,0.0	-0.083
1097	"ENSG00000112062.12"	"MAPK14"	chr6	+	36095986	36096066	36100187	36100267	36076536	36076608	36102570	36102649	1097	0,0,0	0,1,0	0,2,0	0,0,0	179	179	1	1.0	NA,0.0,NA	NA,1.0,NA	-1.0
1130	"ENSG00000140416.25"	"TPM1"	chr15	+	63043705	63043831	63044026	63044152	63042757	63042943	63056984	63057118	1130	0,1,1	24,30,30	0,0,0	24,12,102	198	198	1	1.0	0.0,0.032,0.032	0.0,0.0,0.0	0.021
1131	"ENSG00000140416.25"	"TPM1"	chr15	+	63061197	63061273	63061712	63061788	63060868	63060939	63062214	63062277	1131	3,7,16	25,21,27	2,4,3	19,18,168	175	175	9.52584854563e-06	0.0019385101790357052	0.107,0.25,0.372	0.095,0.182,0.018	0.145
1134	"ENSG00000100983.12"	"GSS"	chr20	-	34942487	34942627	34942930	34943006	34941712	34941829	34945952	34946098	1134	0,0,0	0,0,1	0,0,1	0,0,0	175	198	1	1.0	NA,NA,0.0	NA,NA,1.0	-1.0
1137	"ENSG00000040933.16"	"INPP4A"	chr2	+	98539527	98539675	98543876	98544007	98538890	98538981	98545968	98546073	1137	11,13,30	1,7,27	6,0,4	1,0,3	198	198	1	1.0	0.917,0.65,0.526	0.857,NA,0.571	-0.016
1139	"ENSG00000072682.20"	"P4HA2"	chr5	-	132198205	132198271	132198320	132198380	132195411	132195480	132198878	132198932	1139	0,0,1	0,1,2	0,0,2	0,0,0	159	165	1	1.0	NA,0.0,0.342	NA,NA,1.0	-0.829
1143	"ENSG00000131778.20"	"CHD1L"	chr1	+	147280025	147280191	147284350	147284499	147276103	147276257	147285323	147285487	1143	0,2,2	0,1,2	1,0,1	1,0,2	198	198	1	1.0	NA,0.667,0.5	0.5,NA,0.333	0.167
1172	"ENSG00000076067.14"	"RBMS2"	chr12	+	56571697	56571855	56580277	56580375	56569898	56569990	56581183	56581263	1172	0,0,0	0,1,0	0,0,1	0,0,0	198	197	1	1.0	NA,0.0,NA	NA,NA,1.0	-1.0
1180	"ENSG00000072274.14"	"TFRC"	chr3	-	196073929	196074125	196075158	196075360	196072002	196072152	196077063	196077122	1180	0,0,3	0,1,2	1,2,0	1,0,2	198	198	1	1.0	NA,0.0,0.6	0.5,1.0,0.0	-0.2
1182	"ENSG00000242086.8"	"MUC20-OT1"	chr3	+	195689338	195689438	195696360	195696589	195688532	195688797	195699029	195699207	1182	0,0,1	0,0,0	1,0,0	1,0,0	198	198	1	1.0	NA,NA,1.0	0.5,NA,NA	0.5
1197	"ENSG00000134014.18"	"ELP3"	chr8	+	28097218	28097318	28099827	28099966	28093066	28093233	28106712	28106783	1197	2,1,1	0,0,1	0,0,0	1,0,0	198	198	1	1.0	1.0,1.0,0.5	0.0,NA,NA	0.833
1201	"ENSG00000182473.22"	"EXOC7"	chr17	-	76090328	76090397	76091142	76091235	76089174	76089320	76094413	76094581	1201	0,0,2	4,0,0	0,0,1	1,0,0	192	168	1	1.0	0.0,NA,1.0	0.0,NA,1.0	0.0
1222	"ENSG00000128908.19"	"INO80"	chr15	-	41016087	41016215	41020899	41021125	41005592	41005687	41027595	41027736	1222	0,1,2	0,0,0	0,0,0	0,0,1	198	198	1	1.0	NA,1.0,1.0	NA,NA,0.0	1.0
1226	"ENSG00000108061.13"	"SHOC2"	chr10	+	110985627	110985765	111000414	111000545	110964124	110965061	111004605	111004794	1226	0,3,2	0,0,1	4,0,2	0,0,0	198	198	1	1.0	NA,1.0,0.667	1.0,NA,1.0	-0.166
1275	"ENSG00000163913.14"	"IFT122"	chr3	+	129476314	129476372	129476425	129476506	129469341	129469417	129476662	129476801	1275	0,0,0	0,1,0	0,2,0	0,0,0	157	180	1	1.0	NA,0.0,NA	NA,1.0,NA	-1.0
1280	"ENSG00000163870.16"	"TPRA1"	chr3	-	127575402	127575505	127575748	127575809	127575184	127575265	127575939	127576050	1280	0,0,0	0,2,2	0,0,1	2,1,0	160	198	1	1.0	NA,0.0,0.0	0.0,0.0,1.0	-0.333
1281	"ENSG00000169032.11"	"MAP2K1"	chr15	+	66436745	66436892	66443279	66443357	66435026	66435237	66444655	66444707	1281	1,2,1	0,1,0	0,0,3	0,0,0	198	177	1	1.0	1.0,0.641,1.0	NA,NA,1.0	-0.12
1288	"ENSG00000173230.17"	"GOLGB1"	chr3	-	121669196	121669355	121676892	121677030	121668060	121668158	121677284	121677450	1288	0,0,2	1,0,5	1,0,0	0,0,0	198	198	1	1.0	0.0,NA,0.286	1.0,NA,NA	-0.857
1289	"ENSG00000173230.17"	"GOLGB1"	chr3	-	121693740	121698929	121702480	121702595	121690669	121692581	121714860	121714976	1289	0,0,4	0,0,2	0,0,0	1,0,0	198	198	1	1.0	NA,NA,0.667	0.0,NA,NA	0.667
1293	"ENSG00000105486.15"	"LIG1"	chr19	-	48151231	48151336	48153871	48153967	48150087	48150210	48157013	48157140	1293	0,1,0	0,0,0	0,0,0	1,0,0	195	198	1	1.0	NA,1.0,NA	0.0,NA,NA	1.0
1294	"ENSG00000105486.15"	"LIG1"	chr19	-	48151231	48151339	48153871	48153967	48150087	48150210	48157013	48157140	1294	0,1,0	0,0,0	0,0,0	1,0,0	195	198	1	1.0	NA,1.0,NA	0.0,NA,NA	1.0
1298	"ENSG00000008083.14"	"JARID2"	chr6	+	15410223	15410365	15452005	15452175	15374116	15374252	15468541	15468718	1298	0,3,1	0,0,2	1,0,0	0,0,0	198	198	1	1.0	NA,1.0,0.333	1.0,NA,NA	-0.334
1323	"ENSG00000168310.12"	"IRF2"	chr4	-	184408157	184408275	184418166	184418213	184398914	184399079	184418531	184418708	1323	0,0,1	0,0,1	0,0,1	0,0,0	146	198	1	1.0	NA,NA,0.576	NA,NA,1.0	-0.424
1337	"ENSG00000108654.16"	"DDX5"	chr17	-	64504221	64504318	64504676	64504842	64503982	64504116	64506075	64506289	1337	12,27,65	0,11,23	11,2,10	3,2,3	198	196	0.869363989753	1.0	1.0,0.708,0.737	0.784,0.497,0.767	0.132
1346	"ENSG00000163681.17"	"SLMAP"	chr3	+	57864806	57864857	57871635	57871698	57864547	57864716	57890040	57890100	1346	0,0,1	0,1,0	0,0,0	0,0,1	150	162	1	1.0	NA,0.0,1.0	NA,NA,0.0	0.5
1349	"ENSG00000163681.17"	"SLMAP"	chr3	+	57865241	57865292	57871635	57871698	57864806	57864857	57890040	57890100	1349	0,0,1	0,1,0	0,0,0	0,0,1	150	162	1	1.0	NA,0.0,1.0	NA,NA,0.0	0.5
1354	"ENSG00000107890.17"	"ANKRD26"	chr10	-	27043425	27043567	27044156	27044190	27039964	27040178	27046352	27046520	1354	0,0,2	0,0,3	0,0,0	1,0,0	133	198	1	1.0	NA,NA,0.498	0.0,NA,NA	0.498
1363	"ENSG00000010322.16"	"NISCH"	chr3	+	52490074	52490231	52490704	52490833	52489335	52489678	52491351	52491513	1363	3,3,4	0,1,1	1,0,0	0,0,0	198	198	1	1.0	1.0,0.75,0.8	1.0,NA,NA	-0.15
1364	"ENSG00000040531.16"	"CTNS"	chr17	+	3640187	3640267	3654997	3655101	3637106	3637316	3655220	3655352	1364	0,1,1	0,2,1	4,0,2	0,0,3	179	198	1	1.0	NA,0.356,0.525	1.0,NA,0.424	-0.271
1391	"ENSG00000047849.22"	"MAP4"	chr3	-	47867245	47867338	47869213	47869327	47857430	47857512	47870812	47871105	1391	3,0,1	0,0,2	0,0,3	0,0,0	198	192	1	1.0	1.0,NA,0.327	NA,NA,1.0	-0.337
1441	"ENSG00000176978.15"	"DPP7"	chr9	-	137113205	137113287	137113356	137113478	137112952	137113119	137113864	137114028	1441	0,0,0	5,2,8	1,0,0	2,0,1	198	181	1	1.0	0.0,0.0,0.0	0.314,NA,0.0	-0.157
1442	"ENSG00000176978.15"	"DPP7"	chr9	-	137113205	137113287	137113356	137113496	137112952	137113119	137113864	137114028	1442	0,0,1	5,2,8	3,0,1	2,0,1	198	181	1	1.0	0.0,0.0,0.103	0.578,NA,0.478	-0.494
1477	"ENSG00000152256.14"	"PDK1"	chr2	+	172562219	172562291	172564502	172564687	172558707	172558849	172564977	172565073	1477	0,0,0	0,0,1	0,4,0	0,0,0	171	198	1	1.0	NA,NA,0.0	NA,1.0,NA	-1.0
1481	"ENSG00000198707.17"	"CEP290"	chr12	-	88059897	88060020	88060829	88060994	88058847	88059020	88062691	88062778	1481	0,2,0	0,0,2	2,0,0	0,0,0	198	198	1	1.0	NA,1.0,0.0	1.0,NA,NA	-0.5
1486	"ENSG00000186470.14"	"BTN3A2"	chr6	+	26370321	26370603	26372896	26373097	26368720	26368912	26373275	26373296	1486	0,0,1	0,1,0	0,0,0	1,0,0	198	198	1	1.0	NA,0.0,1.0	0.0,NA,NA	0.5
1501	"ENSG00000215021.10"	"PHB2"	chr12	-	6968410	6968595	6969497	6969577	6967891	6968021	6970195	6970280	1501	3,0,1	0,1,0	0,2,0	3,2,0	179	198	1	1.0	1.0,0.0,1.0	0.0,0.525,NA	0.404
1502	"ENSG00000215021.10"	"PHB2"	chr12	-	6968410	6968708	6969497	6969577	6967891	6968021	6970195	6970280	1502	3,0,1	0,1,0	0,2,0	3,2,0	179	198	1	1.0	1.0,0.0,1.0	0.0,0.525,NA	0.404
1529	"ENSG00000102878.18"	"HSF4"	chr16	+	67167474	67167599	67167823	67167947	67167119	67167222	67168830	67168936	1529	2,0,0	0,0,0	0,0,0	3,2,0	198	198	1	1.0	1.0,NA,NA	0.0,0.0,NA	1.0
1530	"ENSG00000011523.15"	"CEP68"	chr2	+	65074281	65074404	65077867	65077964	65071453	65072980	65082535	65082709	1530	0,0,1	0,0,0	0,0,0	3,0,0	198	196	1	1.0	NA,NA,1.0	0.0,NA,NA	1.0
1536	"ENSG00000127990.19"	"SGCE"	chr7	-	94599696	94599723	94600645	94600857	94598774	94598963	94603289	94603452	1536	0,0,0	0,2,0	0,2,0	0,0,0	198	126	1	1.0	NA,0.0,NA	NA,1.0,NA	-1.0
1541	"ENSG00000177830.18"	"CHID1"	chr11	-	884067	884169	893426	893519	883147	883303	899339	899401	1541	0,0,3	2,0,0	0,0,0	0,0,1	192	198	1	1.0	0.0,NA,1.0	NA,NA,0.0	0.5
1573	"ENSG00000104218.16"	"CSPP1"	chr8	+	67137455	67137603	67149782	67149935	67131950	67132080	67154023	67154136	1573	0,0,1	0,0,0	1,3,0	0,0,1	198	198	1	1.0	NA,NA,1.0	1.0,1.0,0.0	0.333
1587	"ENSG00000234741.10"	"GAS5"	chr1	-	173865228	173865282	173865470	173865547	173864674	173864704	173865856	173865894	1587	1,3,1	3,0,0	0,0,2	2,0,0	176	153	1	1.0	0.225,1.0,1.0	0.0,NA,1.0	0.242
1588	"ENSG00000234741.10"	"GAS5"	chr1	-	173865228	173865282	173865509	173865547	173864674	173864704	173865856	173865894	1588	1,3,1	3,0,0	0,0,2	2,0,0	137	153	1	1.0	0.271,1.0,1.0	0.0,NA,1.0	0.257
1589	"ENSG00000234741.10"	"GAS5"	chr1	-	173865470	173865547	173866527	173866567	173865228	173865282	173866760	173866796	1589	2,0,4	0,0,2	0,0,2	0,0,2	139	176	1	1.0	1.0,NA,0.717	NA,NA,0.559	0.299
1590	"ENSG00000234741.10"	"GAS5"	chr1	-	173865856	173865894	173866527	173866567	173865470	173865547	173866760	173866796	1590	2,0,4	0,4,2	0,0,2	0,0,0	139	137	1	1.0	1.0,0.0,0.663	NA,NA,1.0	-0.446
1597	"ENSG00000174501.15"	"ANKRD36C"	chr2	-	95958756	95958785	95960638	95960667	95958590	95958663	95962351	95962424	1597	0,2,0	0,1,2	0,1,0	0,0,0	128	128	1	1.0	NA,0.667,0.0	NA,1.0,NA	-0.666
1616	"ENSG00000060971.19"	"ACAA1"	chr3	-	38131925	38132005	38133951	38134009	38129289	38129388	38136591	38136685	1616	0,0,0	0,0,2	0,0,2	0,0,0	157	179	1	1.0	NA,NA,0.0	NA,NA,1.0	-1.0
1620	"ENSG00000135655.16"	"USP15"	chr12	+	62325871	62325933	62349220	62349307	62321463	62321609	62355330	62355475	1620	0,1,4	0,0,2	3,0,2	0,0,1	161	186	1	1.0	NA,1.0,0.698	1.0,NA,0.698	0.0
1624	"ENSG00000130479.11"	"MAP1S"	chr19	+	17720935	17721037	17724125	17724208	17719479	17719620	17725048	17725189	1624	0,0,2	0,0,0	3,0,0	1,0,0	198	182	1	1.0	NA,NA,1.0	0.734,NA,NA	0.266
1638	"ENSG00000103005.13"	"USB1"	chr16	+	58014272	58014326	58017333	58017439	58009928	58010112	58018971	58019055	1638	1,0,1	0,1,0	0,0,2	1,0,0	153	198	1	1.0	1.0,0.0,1.0	0.0,NA,1.0	0.167
1646	"ENSG00000169231.13"	"THBS3"	chr1	-	155203512	155203539	155204854	155204957	155203222	155203305	155205059	155205316	1646	0,0,1	0,0,0	0,0,0	0,0,2	198	126	1	1.0	NA,NA,1.0	NA,NA,0.0	1.0
1673	"ENSG00000118482.12"	"PHF3"	chr6	+	63684128	63685911	63691736	63692043	63679999	63680161	63694580	63694764	1673	1,3,4	0,2,0	0,2,0	0,0,0	198	198	1	1.0	1.0,0.6,1.0	NA,1.0,NA	-0.133
1707	"ENSG00000243943.10"	"ZNF512"	chr2	+	27599969	27600053	27600690	27600815	27599582	27599678	27601355	27601442	1707	0,2,1	0,3,0	0,0,0	1,0,0	183	198	1	1.0	NA,0.419,1.0	0.0,NA,NA	0.71
1722	"ENSG00000079263.19"	"SP140"	chr2	+	230250980	230251061	230253315	230253417	230248884	230248968	230255451	230255532	1722	2,0,0	0,2,0	1,0,2	2,0,2	180	198	1	1.0	1.0,0.0,NA	0.355,NA,0.524	0.06
1723	"ENSG00000079263.19"	"SP140"	chr2	+	230253315	230253417	230255451	230255532	230248884	230248968	230269531	230269618	1723	0,2,0	0,1,0	0,0,0	2,0,0	198	180	1	1.0	NA,0.645,NA	0.0,NA,NA	0.645
1724	"ENSG00000079263.19"	"SP140"	chr2	+	230253315	230253417	230255451	230255532	230250980	230251061	230269531	230269618	1724	0,0,1	2,0,0	1,0,0	2,0,1	198	180	1	1.0	0.0,NA,1.0	0.312,NA,0.0	0.344
1727	"ENSG00000163131.12"	"CTSS"	chr1	-	150750005	150750171	150751780	150752008	150747776	150747879	150755000	150755150	1727	0,1,2	0,2,3	1,0,0	0,0,1	198	198	1	1.0	NA,0.333,0.4	1.0,NA,0.0	-0.133
1728	"ENSG00000163131.12"	"CTSS"	chr1	-	150751780	150752008	150755000	150755150	150750005	150750171	150757857	150757980	1728	1,2,8	0,1,0	0,0,1	0,0,0	198	198	1	1.0	1.0,0.667,1.0	NA,NA,1.0	-0.111
1743	"ENSG00000116754.14"	"SRSF11"	chr1	+	70231094	70231203	70231858	70231975	70228421	70228555	70232267	70232377	1743	0,0,1	0,0,3	0,0,0	0,0,1	198	198	1	1.0	NA,NA,0.25	NA,NA,0.0	0.25
1750	"ENSG00000147140.17"	"NONO"	chrX	+	71294226	71294348	71296564	71296660	71291778	71291972	71296850	71297047	1750	2,2,2	0,2,2	0,0,0	1,0,0	198	195	1	1.0	1.0,0.496,0.496	0.0,NA,NA	0.664
1752	"ENSG00000174574.16"	"AKIRIN1"	chr1	+	38998170	38998311	39000971	39001106	38991287	38991600	39003346	39003418	1752	0,0,0	0,1,3	0,0,1	0,0,0	198	198	1	1.0	NA,0.0,0.0	NA,NA,1.0	-1.0
1769	"ENSG00000137210.14"	"TMEM14B"	chr6	+	10749621	10749698	10751132	10751234	10749201	10749268	10755141	10755232	1769	0,1,2	0,1,0	0,0,1	0,0,2	176	198	1	1.0	NA,0.529,1.0	NA,NA,0.36	0.404
1771	"ENSG00000135164.19"	"DMTF1"	chr7	+	87164933	87165050	87166482	87166605	87163494	87163617	87170994	87171089	1771	0,1,7	0,0,9	3,0,3	0,0,0	198	198	1	1.0	NA,1.0,0.438	1.0,NA,1.0	-0.281
1775	"ENSG00000178927.19"	"CYBC1"	chr17	-	82446622	82446692	82447579	82447621	82445863	82445960	82449169	82449292	1775	0,0,0	1,1,1	0,0,2	0,0,0	141	169	1	1.0	0.0,0.0,0.0	NA,NA,1.0	-1.0
1777	"ENSG00000178927.19"	"CYBC1"	chr17	-	82446622	82446696	82447579	82447621	82445863	82445960	82449169	82449292	1777	0,0,0	1,1,1	0,0,2	0,0,0	141	173	1	1.0	0.0,0.0,0.0	NA,NA,1.0	-1.0
1797	"ENSG00000123329.20"	"ARHGAP9"	chr12	-	57474041	57474176	57474422	57474476	57473602	57473708	57474625	57474703	1797	3,3,7	1,4,9	0,0,3	2,0,0	153	198	1	1.0	0.795,0.493,0.502	0.0,NA,1.0	0.097
1842	"ENSG00000258644.6"	"SYNJ2BP-COX16"	chr14	-	70342657	70342729	70373032	70373131	70329173	70329236	70375675	70375771	1842	0,0,0	0,2,0	0,1,0	2,0,0	198	171	1	1.0	NA,0.0,NA	0.0,1.0,NA	-0.5
1863	"ENSG00000079805.19"	"DNM2"	chr19	+	10796060	10796199	10797379	10797518	10795371	10795439	10798485	10798572	1863	0,3,6	0,3,2	2,1,0	1,0,0	198	198	1	1.0	NA,0.5,0.75	0.667,1.0,NA	-0.209
1865	"ENSG00000159023.23"	"EPB41"	chr1	+	28993329	28993542	28997214	28997319	28987430	28987905	29011864	29011907	1865	2,4,5	0,0,1	1,0,3	1,0,0	198	198	1	1.0	1.0,1.0,0.833	0.5,NA,1.0	0.194
1868	"ENSG00000159023.23"	"EPB41"	chr1	+	29064981	29065158	29097806	29097935	29053103	29053312	29109335	29109437	1868	0,1,1	0,1,1	0,0,1	0,0,0	198	198	1	1.0	NA,0.5,0.5	NA,NA,1.0	-0.5
1869	"ENSG00000159023.23"	"EPB41"	chr1	+	29097806	29097935	29109335	29109437	29064981	29065158	29112367	29112448	1869	0,0,2	0,0,4	0,0,0	0,0,1	198	198	1	1.0	NA,NA,0.333	NA,NA,0.0	0.333
1871	"ENSG00000095794.21"	"CREM"	chr10	+	35188199	35188388	35201450	35201486	35179133	35179276	35206894	35207051	1871	0,1,1	0,0,0	0,0,0	1,0,0	198	135	1	1.0	NA,1.0,1.0	0.0,NA,NA	1.0
1883	"ENSG00000076242.17"	"MLH1"	chr3	+	37042267	37042331	37047518	37047683	37040185	37040294	37048516	37048609	1883	0,0,1	0,0,1	0,0,0	1,0,0	163	198	1	1.0	NA,NA,0.548	0.0,NA,NA	0.548
1902	"ENSG00000184182.19"	"UBE2F"	chr2	+	238016565	238016633	238025341	238025412	237994743	237994809	238030555	238030613	1902	0,0,0	1,0,0	0,0,1	1,0,0	167	170	1	1.0	0.0,NA,NA	0.0,NA,1.0	-0.5
1912	"ENSG00000026751.17"	"SLAMF7"	chr1	+	160750303	160750423	160751344	160751448	160749820	160750093	160752185	160752248	1912	0,6,10	0,0,1	2,0,0	0,0,0	198	198	1	1.0	NA,1.0,0.909	1.0,NA,NA	-0.045
1925	"ENSG00000137409.21"	"MTCH1"	chr6	-	36977198	36977224	36977668	36977691	36975657	36975717	36978077	36978155	1925	2,2,2	0,0,2	1,0,1	0,0,0	122	125	1	1.0	1.0,1.0,0.506	1.0,NA,1.0	-0.165
1926	"ENSG00000137409.21"	"MTCH1"	chr6	-	36977198	36977250	36977668	36977691	36975657	36975717	36978077	36978155	1926	2,2,2	0,1,3	1,0,1	0,0,0	122	151	1	1.0	1.0,0.712,0.452	1.0,NA,1.0	-0.279
1927	"ENSG00000165525.18"	"NEMF"	chr14	-	49840717	49840866	49846139	49846265	49838138	49838206	49851562	49851665	1927	4,0,1	0,0,3	2,0,1	0,0,0	198	198	1	1.0	1.0,NA,0.25	1.0,NA,1.0	-0.375
1930	"ENSG00000229807.13"	"XIST"	chrX	-	73831065	73831274	73833237	73833374	73829067	73829231	73837439	73837503	1930	0,0,14	0,0,26	0,0,0	0,0,10	198	198	1	1.0	NA,NA,0.35	NA,NA,0.0	0.35
1975	"ENSG00000137601.18"	"NEK1"	chr4	-	169561479	169561554	169561686	169561737	169555931	169556095	169561831	169561891	1975	0,0,1	0,0,2	0,0,2	0,0,0	150	174	1	1.0	NA,NA,0.367	NA,NA,1.0	-0.633
2010	"ENSG00000129255.16"	"MPDU1"	chr17	+	7585945	7586078	7586691	7586777	7585731	7585797	7586898	7587017	2010	0,1,0	0,0,0	2,0,0	2,0,6	198	185	1	1.0	NA,1.0,NA	0.483,NA,0.0	0.758
2029	"ENSG00000117682.18"	"DHDDS"	chr1	+	26446315	26446432	26447558	26447660	26442730	26442873	26457790	26457905	2029	0,0,1	0,0,1	1,0,0	0,0,0	198	198	1	1.0	NA,NA,0.5	1.0,NA,NA	-0.5
2034	"ENSG00000100714.18"	"MTHFD1"	chr14	+	64435568	64435671	64439095	64439172	64431786	64431861	64440125	64441453	2034	2,0,2	0,0,0	0,0,0	0,0,1	198	176	1	1.0	1.0,NA,1.0	NA,NA,0.0	1.0
2038	"ENSG00000167483.19"	"NIBAN3"	chr19	+	17533586	17533701	17537375	17537543	17532262	17532388	17539149	17539265	2038	0,1,1	6,10,18	0,0,1	5,1,1	198	198	1	1.0	0.0,0.091,0.053	0.0,0.0,0.5	-0.119
2045	"ENSG00000078369.19"	"GNB1"	chr1	-	1817836	1817875	1825396	1825499	1815755	1815862	1839189	1839238	2045	0,1,2	0,1,4	0,0,2	0,1,4	198	138	1	1.0	NA,0.411,0.258	NA,0.0,0.258	0.206
2059	"ENSG00000116604.19"	"MEF2D"	chr1	-	156479585	156479796	156480833	156480971	156479289	156479346	156482436	156482640	2059	0,7,6	0,3,1	3,0,2	1,0,0	198	198	1	1.0	NA,0.7,0.857	0.75,NA,1.0	-0.097
2060	"ENSG00000116604.19"	"MEF2D"	chr1	-	156480642	156480777	156480833	156480971	156479585	156479796	156482436	156482640	2060	2,8,16	0,2,0	3,1,4	0,0,0	198	198	1	1.0	1.0,0.8,1.0	1.0,1.0,1.0	-0.067
2085	"ENSG00000163565.20"	"IFI16"	chr1	+	159045296	159045464	159049431	159049599	159032523	159032691	159051678	159052098	2085	0,0,1	0,0,0	0,0,0	1,0,0	198	198	1	1.0	NA,NA,1.0	0.0,NA,NA	1.0
2098	"ENSG00000165283.16"	"STOML2"	chr9	-	35102094	35102194	35102685	35102823	35101903	35101962	35103049	35103195	2098	0,0,1	0,0,0	0,0,2	0,2,3	198	198	1	1.0	NA,NA,1.0	NA,0.0,0.4	0.8
2113	"ENSG00000100461.18"	"RBM23"	chr14	-	22911785	22911903	22917027	22917166	22911327	22911403	22918998	22919149	2113	0,0,1	0,0,0	0,0,0	0,2,0	198	198	1	1.0	NA,NA,1.0	NA,0.0,NA	1.0
2121	"ENSG00000291178.1"	"ENSG00000291178"	chr7	-	100325690	100325868	100328835	100329019	100320910	100321084	100330181	100330284	2121	0,1,2	0,0,0	1,0,0	0,0,1	198	198	1	1.0	NA,1.0,1.0	1.0,NA,0.0	0.5
2124	"ENSG00000291178.1"	"ENSG00000291178"	chr7	-	100328835	100329019	100330181	100330284	100325659	100325779	100330462	100330549	2124	0,0,0	0,2,0	4,0,0	1,0,0	198	198	1	1.0	NA,0.0,NA	0.8,NA,NA	-0.8
2126	"ENSG00000291178.1"	"ENSG00000291178"	chr7	-	100328835	100329019	100330462	100330549	100325690	100325779	100332441	100332576	2126	0,1,3	0,0,0	0,0,0	1,0,0	186	198	1	1.0	NA,1.0,1.0	0.0,NA,NA	1.0
2140	"ENSG00000141506.15"	"PIK3R5"	chr17	-	8889972	8890126	8890737	8890912	8889138	8889222	8893585	8893655	2140	0,2,4	0,2,1	2,0,3	0,0,2	198	198	1	1.0	NA,0.5,0.8	1.0,NA,0.6	-0.15
2141	"ENSG00000104671.8"	"DCTN6"	chr8	+	30175084	30175190	30177125	30177214	30164110	30164175	30179407	30179455	2141	0,0,0	0,0,1	0,0,2	0,0,0	198	188	1	1.0	NA,NA,0.0	NA,NA,1.0	-1.0
2165	"ENSG00000127022.16"	"CANX"	chr5	+	179706257	179706331	179707131	179707190	179705678	179705852	179708238	179708380	2165	0,4,2	1,0,0	0,5,1	3,0,0	173	158	0.230249976302	1.0	0.0,1.0,1.0	0.0,1.0,1.0	0.0
2167	"ENSG00000089820.17"	"ARHGAP4"	chrX	-	153918831	153919053	153921096	153921159	153913777	153913879	153921364	153921527	2167	9,4,1	5,11,17	1,2,5	14,0,10	162	198	0.820974896941	1.0	0.688,0.308,0.067	0.08,1.0,0.379	-0.132
2168	"ENSG00000068724.18"	"TTC7A"	chr2	+	47021861	47021979	47023407	47023465	47011330	47011435	47024286	47024359	2168	2,3,6	7,0,7	2,0,7	4,1,0	198	157	0.961118661102	1.0	0.185,1.0,0.405	0.284,0.0,1.0	0.102
2174	"ENSG00000158062.21"	"UBXN11"	chr1	-	26294204	26294331	26296918	26296995	26285822	26286037	26297426	26297481	2174	0,0,1	0,0,0	0,0,1	1,0,1	176	198	1	1.0	NA,NA,1.0	0.0,NA,0.529	0.736
2176	"ENSG00000172456.18"	"FGGY"	chr1	+	59339957	59340069	59378748	59378837	59321535	59321750	59456960	59457076	2176	0,0,0	0,0,1	1,0,0	0,0,0	198	188	1	1.0	NA,NA,0.0	1.0,NA,NA	-1.0
2177	"ENSG00000172456.18"	"FGGY"	chr1	+	59378748	59378837	59456960	59457076	59339957	59340069	59512310	59512439	2177	0,0,0	0,0,1	1,0,0	0,0,0	188	198	1	1.0	NA,NA,0.0	1.0,NA,NA	-1.0
2180	"ENSG00000241553.13"	"ARPC4"	chr3	+	9800184	9800296	9801660	9801756	9797658	9797777	9803842	9804013	2180	1,3,6	2,0,3	3,2,1	2,0,0	198	195	0.0336965692341	1.0	0.33,1.0,0.663	0.596,1.0,1.0	-0.201
2184	"ENSG00000143393.17"	"PI4KB"	chr1	-	151307573	151307801	151315572	151316509	151306135	151306363	151326171	151326373	2184	0,0,0	0,1,5	2,0,0	1,0,0	198	198	1	1.0	NA,0.0,0.0	0.667,NA,NA	-0.667
2190	"ENSG00000130414.13"	"NDUFA10"	chr2	-	240011616	240014860	240018552	240018639	240007315	240007370	240021196	240021412	2190	0,1,1	0,3,4	2,0,0	0,1,0	186	198	1	1.0	NA,0.262,0.21	1.0,0.0,NA	-0.264
2194	"ENSG00000124795.17"	"DEK"	chr6	-	18258303	18258405	18263842	18263996	18257952	18258062	18264384	18264541	2194	0,2,1	2,4,0	2,1,3	0,0,1	198	198	0.000102388644406	0.013890726091080668	0.0,0.333,1.0	1.0,1.0,0.75	-0.472
2296	"ENSG00000054392.13"	"HHAT"	chr1	+	210348932	210349066	210362851	210362919	210328905	210329104	210387467	210387581	2296	0,1,1	2,3,0	2,2,0	1,0,0	198	167	1	1.0	0.0,0.219,1.0	0.628,1.0,NA	-0.408
2343	"ENSG00000131374.15"	"TBC1D5"	chr3	-	17562018	17562142	17622647	17622765	17508473	17508605	17623848	17623913	2343	0,0,1	0,0,3	0,0,0	0,0,1	198	198	1	1.0	NA,NA,0.25	NA,NA,0.0	0.25
2344	"ENSG00000023318.9"	"ERP44"	chr9	-	100006505	100006647	100007577	100007689	99984966	99985069	100016321	100016438	2344	0,0,0	0,0,2	0,0,3	0,0,1	198	198	1	1.0	NA,NA,0.0	NA,NA,0.75	-0.75
2345	"ENSG00000023318.9"	"ERP44"	chr9	-	100022041	100022226	100052416	100052532	100020615	100020731	100057819	100057859	2345	1,0,0	0,0,0	0,0,0	0,2,0	198	198	1	1.0	1.0,NA,NA	NA,0.0,NA	1.0
2349	"ENSG00000174891.14"	"RSRC1"	chr3	+	158123865	158123991	158203071	158203245	158122102	158122298	158298038	158298075	2349	0,1,4	0,0,1	0,1,1	1,0,2	198	198	1	1.0	NA,1.0,0.8	0.0,1.0,0.333	0.456
2350	"ENSG00000174891.14"	"RSRC1"	chr3	+	158203071	158203245	158298038	158298075	158123865	158123991	158354856	158354908	2350	0,5,4	0,0,1	0,1,1	0,0,1	198	136	1	1.0	NA,1.0,0.733	NA,1.0,0.407	0.163
2351	"ENSG00000072609.18"	"CHFR"	chr12	-	132848084	132848155	132848181	132848257	132847042	132847130	132848640	132848724	2351	0,0,1	0,3,1	1,0,0	3,1,1	175	170	1	1.0	NA,0.0,0.493	0.245,0.0,0.0	0.165
2356	"ENSG00000136631.16"	"VPS45"	chr1	+	150077668	150077779	150081341	150081476	150077093	150077231	150081883	150081997	2356	0,0,1	0,1,4	1,0,0	0,0,0	198	198	1	1.0	NA,0.0,0.2	1.0,NA,NA	-0.9
2361	"ENSG00000023228.15"	"NDUFS1"	chr2	-	206149817	206149925	206152418	206152510	206149019	206149096	206153617	206153682	2361	0,3,0	0,0,0	0,0,0	2,0,0	191	198	1	1.0	NA,1.0,NA	0.0,NA,NA	1.0
2385	"ENSG00000196998.19"	"WDR45"	chrX	-	49076429	49076524	49077642	49077747	49075865	49075945	49077836	49077911	2385	0,0,1	1,2,0	1,0,0	0,2,0	198	194	1	1.0	0.0,0.0,1.0	1.0,0.0,NA	-0.167
2386	"ENSG00000196998.19"	"WDR45"	chrX	-	49076644	49076750	49077642	49077747	49076429	49076524	49077836	49077911	2386	0,0,1	0,0,1	1,0,0	0,2,0	198	198	1	1.0	NA,NA,0.5	1.0,0.0,NA	0.0
2387	"ENSG00000196998.19"	"WDR45"	chrX	-	49076644	49076753	49077642	49077747	49076429	49076524	49077836	49077911	2387	0,0,1	0,0,1	1,0,0	0,2,0	198	198	1	1.0	NA,NA,0.5	1.0,0.0,NA	0.0
2411	"ENSG00000176393.11"	"RNPEP"	chr1	+	201996146	201996263	201997318	201997554	201989382	201989531	201999901	202000015	2411	0,0,0	2,2,0	2,0,0	0,0,0	198	198	1	1.0	0.0,0.0,NA	1.0,NA,NA	-1.0
2415	"ENSG00000182718.18"	"ANXA2"	chr15	-	60364428	60364523	60386027	60386086	60360940	60361054	60397942	60397986	2415	2,0,0	1,6,1	0,0,0	0,4,0	158	194	1	1.0	0.711,0.0,0.0	NA,0.0,NA	0.237
2439	"ENSG00000132780.17"	"NASP"	chr1	+	45602254	45602365	45604935	45605016	45591222	45591270	45606481	45606591	2439	0,2,2	0,0,7	1,1,0	4,2,0	198	180	1	1.0	NA,1.0,0.206	0.185,0.312,NA	0.354
2461	"ENSG00000014138.10"	"POLA2"	chr11	+	65280991	65281147	65281147	65281397	65279537	65279626	65281669	65281732	2461	6,0,3	0,0,2	1,2,0	0,0,0	198	198	1	1.0	1.0,NA,0.6	1.0,1.0,NA	-0.2
2477	"ENSG00000134470.21"	"IL15RA"	chr10	-	5963742	5963841	5966144	5966339	5960366	5960567	5977404	5977492	2477	0,1,0	0,0,1	0,0,0	0,0,1	198	198	1	1.0	NA,1.0,0.0	NA,NA,0.0	0.5
2484	"ENSG00000064012.24"	"CASP8"	chr2	+	201272897	201272942	201274888	201274953	201272637	201272776	201276826	201276968	2484	0,0,1	1,3,1	0,1,0	1,0,0	144	164	1	1.0	0.0,0.0,0.532	0.0,1.0,NA	-0.323
2507	"ENSG00000142687.19"	"KIAA0319L"	chr1	-	35444160	35444303	35448172	35448332	35442905	35443028	35449866	35450005	2507	0,0,2	0,0,1	2,0,0	0,0,0	198	198	1	1.0	NA,NA,0.667	1.0,NA,NA	-0.333
2529	"ENSG00000136271.11"	"DDX56"	chr7	-	44570757	44570877	44571491	44571736	44570014	44570128	44572346	44572437	2529	0,0,3	0,0,0	1,0,0	6,0,1	198	198	1	1.0	NA,NA,1.0	0.143,NA,0.0	0.928
2537	"ENSG00000130818.12"	"ZNF426"	chr19	-	9533839	9533966	9535187	9535279	9532844	9532925	9536207	9536356	2537	0,0,2	0,0,1	0,0,0	1,0,0	191	198	1	1.0	NA,NA,0.675	0.0,NA,NA	0.675
2546	"ENSG00000144895.12"	"EIF2A"	chr3	+	150558387	150558462	150562541	150562660	150552355	150552425	150563514	150563614	2546	0,0,2	0,2,1	0,0,1	0,0,0	174	198	1	1.0	NA,0.0,0.695	NA,NA,1.0	-0.653
2570	"ENSG00000084623.12"	"EIF3I"	chr1	+	32226170	32226283	32226402	32226530	32224409	32224475	32228498	32228609	2570	0,0,3	0,2,2	1,0,0	0,0,0	198	198	1	1.0	NA,0.0,0.6	1.0,NA,NA	-0.7
2571	"ENSG00000084623.12"	"EIF3I"	chr1	+	32226170	32226320	32226402	32226530	32224409	32224475	32228498	32228609	2571	0,0,3	0,2,2	1,0,0	0,0,0	198	198	1	1.0	NA,0.0,0.6	1.0,NA,NA	-0.7
2586	"ENSG00000148400.13"	"NOTCH1"	chr9	-	136515980	136516094	136517271	136517385	136515482	136515716	136517751	136517937	2586	0,0,1	0,1,1	3,0,5	0,0,0	198	198	1	1.0	NA,0.0,0.5	1.0,NA,1.0	-0.75
2594	"ENSG00000089041.17"	"P2RX7"	chr12	+	121160901	121160974	121162423	121162520	121156078	121156147	121165356	121165437	2594	0,0,2	0,3,0	0,0,0	1,1,0	172	196	1	1.0	NA,0.0,1.0	0.0,0.0,NA	0.5
2610	"ENSG00000110958.16"	"PTGES3"	chr12	-	56666203	56666266	56670274	56670364	56664775	56664800	56671748	56671847	2610	0,0,3	0,0,0	0,0,0	0,0,1	189	162	1	1.0	NA,NA,1.0	NA,NA,0.0	1.0
2611	"ENSG00000110958.16"	"PTGES3"	chr12	-	56670274	56670364	56671748	56671847	56666203	56666266	56672739	56672809	2611	0,0,0	3,0,3	5,0,0	0,0,0	198	189	1	1.0	0.0,NA,0.0	1.0,NA,NA	-1.0
2612	"ENSG00000110958.16"	"PTGES3"	chr12	-	56671748	56671809	56672739	56672809	56670274	56670364	56672951	56673065	2612	0,1,1	0,1,2	2,0,0	0,0,0	169	160	1	1.0	NA,0.486,0.321	1.0,NA,NA	-0.597
2629	"ENSG00000161010.16"	"MRNIP"	chr5	-	179844151	179844227	179847977	179848066	179841906	179842064	179853377	179853437	2629	1,1,3	0,1,2	0,0,0	1,0,0	188	175	1	1.0	1.0,0.482,0.583	0.0,NA,NA	0.688
2720	"ENSG00000145216.17"	"FIP1L1"	chr4	+	53414614	53414722	53425871	53425965	53399729	53399839	53428026	53428183	2720	0,0,1	0,0,3	0,0,0	1,0,0	198	193	1	1.0	NA,NA,0.245	0.0,NA,NA	0.245
2767	"ENSG00000204852.17"	"TCTN1"	chr12	+	110641023	110641149	110644966	110645129	110640382	110640517	110647210	110647336	2767	0,0,1	0,0,0	0,0,0	1,0,0	198	198	1	1.0	NA,NA,1.0	0.0,NA,NA	1.0
2780	"ENSG00000121716.21"	"PILRB"	chr7	+	100353372	100353483	100353894	100354012	100353209	100353270	100355142	100355240	2780	0,2,8	1,0,3	3,5,2	4,0,1	198	198	0.38082813393	1.0	0.0,1.0,0.727	0.429,1.0,0.667	-0.123
2799	"ENSG00000233452.9"	"STXBP5-AS1"	chr6	-	146911551	146911663	147001440	147001543	146851117	146851331	147074804	147074847	2799	0,1,0	0,0,0	0,0,0	0,0,2	198	198	1	1.0	NA,1.0,NA	NA,NA,0.0	1.0
2823	"ENSG00000224078.15"	"SNHG14"	chr15	+	25076856	25076990	25077033	25077316	25075734	25075866	25078861	25078995	2823	0,1,2	0,0,0	0,0,0	0,2,0	198	198	1	1.0	NA,1.0,1.0	NA,0.0,NA	1.0
2828	"ENSG00000115970.19"	"THADA"	chr2	-	43428099	43428231	43485233	43485325	43397970	43398139	43498832	43498955	2828	0,0,0	0,0,1	0,0,1	0,0,0	191	198	1	1.0	NA,NA,0.0	NA,NA,1.0	-1.0
2834	"ENSG00000138095.20"	"LRPPRC"	chr2	-	43894544	43894629	43896633	43896708	43889733	43889876	43899218	43899334	2834	0,0,0	0,1,1	0,0,1	0,0,0	174	184	1	1.0	NA,0.0,0.0	NA,NA,1.0	-1.0
2865	"ENSG00000257103.9"	"LSM14A"	chr19	+	34208928	34209051	34215123	34215300	34196633	34196763	34215595	34215661	2865	0,1,2	0,0,0	0,0,1	0,0,1	198	198	1	1.0	NA,1.0,1.0	NA,NA,0.5	0.5
2876	"ENSG00000124155.19"	"PIGT"	chr20	+	45416516	45416694	45418851	45418979	45416140	45416343	45419294	45419395	2876	0,0,4	0,0,0	2,0,0	1,0,0	198	198	1	1.0	NA,NA,1.0	0.667,NA,NA	0.333
2879	"ENSG00000124155.19"	"PIGT"	chr20	+	45418851	45418979	45419142	45419395	45416516	45416694	45419503	45419590	2879	0,0,0	0,0,2	0,0,2	4,0,0	198	198	1	1.0	NA,NA,0.0	0.0,NA,1.0	-0.5
2880	"ENSG00000124155.19"	"PIGT"	chr20	+	45418851	45418979	45419277	45419395	45416516	45416694	45419503	45419590	2880	0,0,0	0,0,2	0,0,2	4,0,0	198	198	1	1.0	NA,NA,0.0	0.0,NA,1.0	-0.5
2881	"ENSG00000124155.19"	"PIGT"	chr20	+	45418851	45418979	45419294	45419395	45416516	45416694	45419503	45419590	2881	0,0,0	0,0,3	0,0,2	4,0,0	198	198	1	1.0	NA,NA,0.0	0.0,NA,1.0	-0.5
2887	"ENSG00000099246.18"	"RAB18"	chr10	+	27526827	27526889	27533734	27533853	27509874	27509930	27533927	27533994	2887	2,0,0	0,0,1	0,0,0	1,0,0	161	198	1	1.0	1.0,NA,0.0	0.0,NA,NA	0.5
2914	"ENSG00000137413.17"	"TAF8"	chr6	+	42057388	42057513	42068464	42068607	42055951	42056014	42077099	42077239	2914	1,3,6	0,1,1	2,0,2	0,0,0	198	198	1	1.0	1.0,0.75,0.857	1.0,NA,1.0	-0.131
2955	"ENSG00000166411.14"	"IDH3A"	chr15	+	78157547	78157631	78160091	78160206	78155212	78155275	78161580	78161768	2955	0,0,1	0,2,4	0,0,1	0,0,0	183	198	1	1.0	NA,0.0,0.213	NA,NA,1.0	-0.893
2986	"ENSG00000119866.22"	"BCL11A"	chr2	-	60468731	60468833	60508605	60508824	60462281	60462424	60545970	60546300	2986	0,0,0	1,0,15	0,1,0	0,0,1	198	198	1	1.0	0.0,NA,0.0	NA,1.0,0.0	-0.5
2989	"ENSG00000113648.17"	"MACROH2A1"	chr5	-	135350822	135350913	135352945	135353045	135345967	135346057	135360496	135360604	2989	0,0,0	1,0,2	0,0,1	2,0,0	198	190	1	1.0	0.0,NA,0.0	0.0,NA,1.0	-0.5
3001	"ENSG00000174483.20"	"BBS1"	chr11	+	66511204	66511239	66514405	66514678	66511012	66511089	66515539	66515586	3001	0,0,0	0,1,1	1,0,0	1,0,2	134	198	1	1.0	NA,0.0,0.0	0.596,NA,0.0	-0.298
3002	"ENSG00000174483.20"	"BBS1"	chr11	+	66514405	66514678	66515539	66515586	66511204	66511239	66515692	66515731	3002	0,0,1	2,0,1	0,0,0	0,0,1	198	146	1	1.0	0.0,NA,0.424	NA,NA,0.0	0.212
3003	"ENSG00000042429.12"	"MED17"	chr11	+	93797534	93797719	93801834	93801972	93796409	93796540	93807517	93807635	3003	0,1,0	0,0,2	0,0,0	0,2,0	198	198	1	1.0	NA,1.0,0.0	NA,0.0,NA	0.5
3006	"ENSG00000164904.18"	"ALDH7A1"	chr5	-	126554286	126554393	126559239	126559334	126552020	126552137	126561082	126561124	3006	0,0,1	0,0,0	0,0,0	1,0,0	194	198	1	1.0	NA,NA,1.0	0.0,NA,NA	1.0
3009	"ENSG00000126777.18"	"KTN1"	chr14	+	55663954	55664041	55667240	55667330	55661521	55661612	55670728	55670809	3009	1,1,2	1,1,1	1,0,0	0,0,0	186	189	1	1.0	0.504,0.504,0.67	1.0,NA,NA	-0.441
3049	"ENSG00000139597.18"	"N4BP2L1"	chr13	-	32404202	32404271	32404320	32404397	32400722	32403200	32407249	32407338	3049	0,0,4	1,0,1	1,0,0	0,0,0	176	168	1	1.0	0.0,NA,0.792	1.0,NA,NA	-0.604
3058	"ENSG00000217555.13"	"CKLF"	chr16	+	66558189	66558348	66563121	66563217	66552568	66552793	66565885	66566072	3058	0,1,1	0,0,1	0,0,1	0,0,0	198	195	1	1.0	NA,1.0,0.496	NA,NA,1.0	-0.252
3062	"ENSG00000037474.15"	"NSUN2"	chr5	-	6625563	6625669	6631872	6631977	6623213	6623285	6632598	6632756	3062	0,0,3	0,2,1	2,0,0	0,0,1	198	198	1	1.0	NA,0.0,0.75	1.0,NA,0.0	-0.125
3063	"ENSG00000162623.16"	"TYW3"	chr1	+	74738689	74738788	74748750	74748822	74736541	74736622	74752291	74752425	3063	0,0,0	0,2,0	1,0,0	0,0,0	198	171	1	1.0	NA,0.0,NA	1.0,NA,NA	-1.0
3069	"ENSG00000090487.11"	"SPG21"	chr15	-	64974601	64974747	64976474	64976555	64970113	64970222	64980863	64981025	3069	0,0,1	2,0,1	0,0,0	0,0,2	180	198	1	1.0	0.0,NA,0.524	NA,NA,0.0	0.262
3099	"ENSG00000173692.14"	"PSMD1"	chr2	+	231163634	231163727	231165199	231165286	231161339	231161509	231165870	231166017	3099	1,0,2	0,0,1	0,1,0	2,0,0	192	186	1	1.0	1.0,NA,0.66	0.0,1.0,NA	0.33
3114	"ENSG00000125944.22"	"HNRNPR"	chr1	-	23323555	23323732	23333517	23333631	23321527	23321663	23337753	23337861	3114	0,0,5	0,1,2	2,0,0	0,0,0	198	198	1	1.0	NA,0.0,0.714	1.0,NA,NA	-0.643
3140	"ENSG00000172053.18"	"QARS1"	chr3	-	49101354	49101441	49101619	49101705	49100574	49100674	49101827	49101899	3140	0,0,1	0,0,4	1,0,0	1,0,0	185	186	1	1.0	NA,NA,0.201	0.501,NA,NA	-0.3
3142	"ENSG00000013441.17"	"CLK1"	chr2	-	200854615	200854695	200855003	200855086	200853902	200853993	200856681	200856811	3142	0,0,2	0,0,1	2,0,0	1,2,0	182	179	1	1.0	NA,NA,0.663	0.663,0.0,NA	0.332
3156	"ENSG00000204305.16"	"AGER"	chr6	-	32181350	32181477	32181523	32181632	32180967	32181239	32182246	32182388	3156	0,0,1	0,0,1	0,0,0	0,1,0	198	198	1	1.0	NA,NA,0.5	NA,0.0,NA	0.5
3162	"ENSG00000162946.24"	"DISC1"	chr1	+	231749925	231750076	231767139	231767269	231701954	231702024	231770834	231771070	3162	0,1,2	0,0,1	0,0,0	0,0,1	198	198	1	1.0	NA,1.0,0.667	NA,NA,0.0	0.834
3163	"ENSG00000162946.24"	"DISC1"	chr1	+	231795241	231795296	231800107	231800210	231770834	231771070	231818328	231819244	3163	0,0,1	0,1,1	0,0,1	0,0,1	154	198	1	1.0	NA,0.0,0.562	NA,NA,0.562	-0.281
3208	"ENSG00000135317.14"	"SNX14"	chr6	-	85557975	85558060	85565331	85565419	85549722	85549879	85567533	85567577	3208	0,0,2	0,0,0	0,0,0	0,0,2	187	184	1	1.0	NA,NA,1.0	NA,NA,0.0	1.0
3209	"ENSG00000135317.14"	"SNX14"	chr6	-	85557975	85558060	85567533	85567577	85549722	85549879	85572136	85572215	3209	0,0,1	0,0,0	0,0,0	0,0,2	143	184	1	1.0	NA,NA,1.0	NA,NA,0.0	1.0
3218	"ENSG00000135317.14"	"SNX14"	chr6	-	85565331	85565419	85567533	85567577	85557975	85558060	85572136	85572215	3218	0,0,1	0,0,0	0,0,0	0,0,1	143	187	1	1.0	NA,NA,1.0	NA,NA,0.0	1.0
3254	"ENSG00000090316.16"	"MAEA"	chr4	+	1315396	1315600	1322380	1322503	1311978	1312161	1327626	1327703	3254	1,3,3	2,1,0	2,0,0	1,0,0	198	198	1	1.0	0.333,0.75,1.0	0.667,NA,NA	0.027
3255	"ENSG00000090316.16"	"MAEA"	chr4	+	1322380	1322503	1327626	1327703	1315396	1315600	1332756	1332865	3255	0,0,7	0,0,0	0,2,4	0,0,1	198	176	1	1.0	NA,NA,1.0	NA,1.0,0.78	0.11
3256	"ENSG00000203875.13"	"SNHG5"	chr6	-	85666003	85666147	85677092	85677191	85663673	85663726	85677423	85677492	3256	1,0,7	0,1,0	1,0,0	0,0,0	198	198	1	1.0	1.0,0.0,1.0	1.0,NA,NA	-0.333
3259	"ENSG00000175782.11"	"SLC35E3"	chr12	+	68747929	68748040	68748075	68748245	68746124	68746779	68752031	68752190	3259	0,0,0	0,0,1	2,0,0	0,0,0	198	198	1	1.0	NA,NA,0.0	1.0,NA,NA	-1.0
3260	"ENSG00000185507.21"	"IRF7"	chr11	-	613950	614037	614173	614399	613784	613865	614475	614534	3260	0,5,12	0,2,2	4,2,14	4,4,5	198	186	1	1.0	NA,0.701,0.849	0.484,0.32,0.725	0.265
3270	"ENSG00000112182.16"	"BACH2"	chr6	-	90252512	90252590	90271848	90271941	90206568	90206681	90296479	90296742	3270	2,1,0	0,3,0	0,1,0	0,0,2	192	177	1	1.0	1.0,0.235,NA	NA,1.0,0.0	0.117
3286	"ENSG00000112367.12"	"FIG4"	chr6	+	109715077	109715176	109727108	109727265	109691295	109691501	109732636	109732687	3286	0,0,2	0,0,1	0,0,0	0,1,1	198	198	1	1.0	NA,NA,0.667	NA,0.0,0.0	0.667
3287	"ENSG00000112367.12"	"FIG4"	chr6	+	109716444	109716568	109727108	109727265	109715077	109715176	109732636	109732687	3287	0,0,0	0,0,1	0,0,2	0,1,1	198	198	1	1.0	NA,NA,0.0	NA,0.0,0.667	-0.334
3294	"ENSG00000153310.22"	"CYRIB"	chr8	-	129862228	129862334	129871374	129871496	129855610	129855747	129903311	129903350	3294	0,0,1	0,1,3	0,0,0	0,0,1	198	198	1	1.0	NA,0.0,0.25	NA,NA,0.0	0.125
3315	"ENSG00000156515.25"	"HK1"	chr10	+	69359896	69360045	69364782	69364902	69343826	69343989	69368535	69368631	3315	0,1,0	0,0,0	1,0,0	1,0,0	198	198	1	1.0	NA,1.0,NA	0.5,NA,NA	0.5
3335	"ENSG00000112339.15"	"HBS1L"	chr6	-	135039572	135039767	135042000	135042126	135002733	135002842	135050581	135050647	3335	0,0,1	0,0,1	0,0,0	0,0,1	198	198	1	1.0	NA,NA,0.5	NA,NA,0.0	0.5
3341	"ENSG00000134333.15"	"LDHA"	chr11	+	18399430	18399548	18400836	18401010	18396818	18396968	18402839	18403013	3341	1,2,4	14,6,14	9,5,6	1,0,3	198	198	1.51866027531e-08	6.1809473205116995e-06	0.067,0.25,0.222	0.9,1.0,0.667	-0.676
3342	"ENSG00000120253.14"	"NUP43"	chr6	-	149738642	149738778	149742389	149742570	149736470	149736622	149743637	149743715	3342	2,3,0	0,0,2	0,0,2	0,0,0	198	198	1	1.0	1.0,1.0,0.0	NA,NA,1.0	-0.333
3401	"ENSG00000103222.20"	"ABCC1"	chr16	+	16083365	16083542	16086823	16086991	16079351	16079478	16090404	16090588	3401	2,1,0	0,0,0	0,0,0	1,0,0	198	198	1	1.0	1.0,1.0,NA	0.0,NA,NA	1.0
3428	"ENSG00000213593.10"	"TMX2"	chr11	+	57737835	57738026	57738353	57738430	57737607	57737668	57738663	57738770	3428	0,0,1	0,0,1	0,0,0	2,0,0	198	176	1	1.0	NA,NA,0.471	0.0,NA,NA	0.471
3435	"ENSG00000102445.20"	"RUBCNL"	chr13	-	46371940	46372597	46377889	46378005	46368732	46368815	46387676	46387879	3435	1,0,0	1,0,12	0,0,0	0,0,1	198	198	1	1.0	0.5,NA,0.0	NA,NA,0.0	0.25
3436	"ENSG00000136279.21"	"DBNL"	chr7	+	44051829	44051942	44052866	44052941	44050224	44050280	44056756	44056903	3436	0,2,1	2,1,0	0,0,0	2,0,0	198	174	1	1.0	0.0,0.637,1.0	0.0,NA,NA	0.546
3437	"ENSG00000136279.21"	"DBNL"	chr7	+	44052866	44052941	44056756	44056903	44051829	44051942	44057781	44057859	3437	3,4,0	0,1,7	0,0,2	1,0,2	174	198	1	1.0	1.0,0.82,0.0	0.0,NA,0.532	0.341
3440	"ENSG00000105953.16"	"OGDH"	chr7	+	44647443	44647534	44647656	44647759	44645326	44645518	44656317	44656362	3440	2,0,0	0,0,1	0,0,0	0,0,2	190	198	1	1.0	1.0,NA,0.0	NA,NA,0.0	0.5
3441	"ENSG00000105953.16"	"OGDH"	chr7	+	44647443	44647534	44647656	44647759	44645326	44645518	44666735	44666851	3441	2,0,0	0,0,1	0,0,0	0,0,3	190	198	1	1.0	1.0,NA,0.0	NA,NA,0.0	0.5
3447	"ENSG00000136280.17"	"CCM2"	chr7	+	45069825	45069961	45072725	45072783	45068442	45068579	45073459	45073571	3447	1,1,2	0,0,0	0,0,0	0,0,1	198	157	1	1.0	1.0,1.0,1.0	NA,NA,0.0	1.0
3455	"ENSG00000129103.19"	"SUMF2"	chr7	+	56072996	56073111	56076833	56076889	56068481	56068638	56078101	56078186	3455	0,7,0	0,0,0	4,1,0	0,0,1	198	155	1	1.0	NA,1.0,NA	1.0,1.0,0.0	0.333
3482	"ENSG00000106635.8"	"BCL7B"	chr7	-	73539881	73540052	73543547	73543644	73537933	73538013	73552166	73552242	3482	0,1,0	0,2,2	0,2,0	1,0,0	196	198	1	1.0	NA,0.336,0.0	0.0,1.0,NA	-0.332
3504	"ENSG00000101773.19"	"RBBP8"	chr18	+	23006362	23006432	23016827	23016924	23001585	23001729	23022128	23022270	3504	1,0,0	0,0,0	0,0,0	1,0,1	169	196	1	1.0	1.0,NA,NA	0.0,NA,0.0	1.0
3531	"ENSG00000196367.15"	"TRRAP"	chr7	+	98993537	98993737	98994586	98994848	98992136	98992227	99004189	99004415	3531	0,0,7	1,1,2	3,0,1	0,0,0	198	198	1	1.0	0.0,0.0,0.778	1.0,NA,1.0	-0.741
3536	"ENSG00000106290.16"	"TAF6"	chr7	-	100113348	100113405	100113615	100113769	100112797	100112917	100113867	100113954	3536	0,0,0	0,0,1	0,0,1	0,0,0	198	156	1	1.0	NA,NA,0.0	NA,NA,1.0	-1.0
3540	"ENSG00000126391.14"	"FRMD8"	chr11	+	65389360	65389528	65393572	65393674	65387036	65387121	65394040	65394099	3540	0,9,1	0,1,2	3,0,0	0,0,0	198	198	1	1.0	NA,0.9,0.333	1.0,NA,NA	-0.383
3555	"ENSG00000105819.15"	"PMPCB"	chr7	+	103303841	103304040	103307595	103307708	103300177	103300307	103308951	103309095	3555	1,0,2	0,1,0	0,0,0	0,0,1	198	198	1	1.0	1.0,0.0,1.0	NA,NA,0.0	0.667
3595	"ENSG00000128595.17"	"CALU"	chr7	+	128754261	128754455	128754528	128754722	128748572	128748804	128758870	128759037	3595	3,0,1	0,0,1	0,0,2	0,0,0	198	198	1	1.0	1.0,NA,0.5	NA,NA,1.0	-0.25
3599	"ENSG00000231721.8"	"LINC-PINT"	chr7	-	130959868	130959970	130967388	130967517	130945719	130945835	130984052	130984109	3599	0,0,2	0,0,1	3,0,0	0,0,0	198	198	1	1.0	NA,NA,0.667	1.0,NA,NA	-0.333
3656	"ENSG00000134352.21"	"IL6ST"	chr5	-	55951928	55952075	55952249	55952351	55951463	55951604	55954809	55954992	3656	0,0,1	0,0,3	1,0,0	0,0,0	198	198	1	1.0	NA,NA,0.25	1.0,NA,NA	-0.75
3718	"ENSG00000104763.20"	"ASAH1"	chr8	-	18069791	18069872	18071299	18071390	18067219	18067298	18075540	18075587	3718	0,3,7	0,1,0	1,4,0	2,0,0	190	180	1	1.0	NA,0.74,1.0	0.321,1.0,NA	0.21
3719	"ENSG00000104763.20"	"ASAH1"	chr8	-	18069791	18069878	18071299	18071390	18067219	18067298	18075540	18075587	3719	0,3,7	0,1,0	1,4,0	0,0,0	190	186	1	1.0	NA,0.746,1.0	1.0,1.0,NA	-0.127
3780	"ENSG00000104365.16"	"IKBKB"	chr8	+	42272082	42272205	42288633	42288728	42271317	42271469	42290155	42290273	3780	4,0,1	1,1,0	0,0,2	1,0,0	198	194	1	1.0	0.797,0.0,1.0	0.0,NA,1.0	0.099
3794	"ENSG00000089157.16"	"RPLP0"	chr12	-	120198553	120198739	120198853	120199000	120197321	120197462	120199117	120199205	3794	10,2,17	9,6,15	6,7,11	7,6,3	198	198	0.296783338069	1.0	0.526,0.25,0.531	0.462,0.538,0.786	-0.16
3795	"ENSG00000121064.13"	"SCPEP1"	chr17	+	56981081	56981230	56985377	56985467	56978133	56978235	56987694	56987850	3795	0,0,1	0,0,0	0,0,0	1,0,1	198	189	1	1.0	NA,NA,1.0	0.0,NA,0.0	1.0
3835	"ENSG00000157193.18"	"LRP8"	chr1	-	53271027	53271153	53271226	53271346	53266472	53266647	53275630	53275753	3835	1,0,1	1,2,1	0,0,1	0,0,0	198	198	1	1.0	0.5,0.0,0.5	NA,NA,1.0	-0.667
3836	"ENSG00000157193.18"	"LRP8"	chr1	-	53275630	53275753	53280586	53280715	53271226	53271346	53289566	53289689	3836	0,1,0	1,0,1	0,0,0	0,0,1	198	198	1	1.0	0.0,1.0,0.0	NA,NA,0.0	0.333
3862	"ENSG00000169045.19"	"HNRNPH1"	chr5	-	179616868	179616958	179617020	179617110	179616125	179616218	179617513	179617649	3862	0,0,0	2,3,3	1,0,2	1,0,2	189	189	1	1.0	0.0,0.0,0.0	0.5,NA,0.5	-0.5
3863	"ENSG00000169045.19"	"HNRNPH1"	chr5	-	179620891	179621035	179621241	179621397	179619268	179619407	179623036	179623164	3863	3,11,11	0,0,2	5,0,2	2,0,0	198	198	1	1.0	1.0,1.0,0.846	0.714,NA,1.0	0.092
3872	"ENSG00000100124.15"	"ANKRD54"	chr22	-	37832957	37833109	37833158	37833206	37832636	37832744	37833683	37833755	3872	0,0,0	0,2,0	1,0,0	2,0,1	147	198	1	1.0	NA,0.0,NA	0.402,NA,0.0	-0.201
3873	"ENSG00000075415.15"	"SLC25A3"	chr12	+	98595432	98595557	98595726	98595848	98593974	98594135	98597855	98598035	3873	0,0,1	0,1,11	0,0,0	0,2,3	198	198	1	1.0	NA,0.0,0.083	NA,0.0,0.0	0.042
3874	"ENSG00000075415.15"	"SLC25A3"	chr12	+	98595432	98595661	98595726	98595848	98593978	98594135	98597855	98598035	3874	0,0,1	0,1,11	0,0,0	0,2,3	198	198	1	1.0	NA,0.0,0.083	NA,0.0,0.0	0.042
3894	"ENSG00000198467.16"	"TPM2"	chr9	-	35684731	35684807	35685063	35685139	35684487	35684550	35685268	35685339	3894	5,8,3	2,4,7	0,2,2	0,3,6	175	175	1	1.0	0.714,0.667,0.3	NA,0.4,0.25	0.235
3901	"ENSG00000291075.1"	"ENSG00000291075"	chr9	+	41007439	41007609	41008880	41009006	40994632	40994699	41011616	41011730	3901	0,0,1	0,2,1	1,0,1	0,0,0	198	198	1	1.0	NA,0.0,0.5	1.0,NA,1.0	-0.75
3902	"ENSG00000291075.1"	"ENSG00000291075"	chr9	+	41007439	41007609	41008919	41009006	40994632	40994699	41011616	41011730	3902	0,0,1	0,0,1	1,0,1	0,0,0	198	186	1	1.0	NA,NA,0.484	1.0,NA,1.0	-0.516
3920	"ENSG00000106733.21"	"NMRK1"	chr9	-	75069741	75069813	75069894	75070042	75068995	75069102	75077158	75077207	3920	0,0,1	0,0,3	0,0,0	1,0,0	198	171	1	1.0	NA,NA,0.224	0.0,NA,NA	0.224
3926	"ENSG00000149262.19"	"INTS4"	chr11	-	77938650	77938825	77941179	77941251	77928341	77928547	77955941	77956062	3926	0,0,1	0,1,1	2,0,0	0,0,0	171	198	1	1.0	NA,0.0,0.537	1.0,NA,NA	-0.732
3932	"ENSG00000115839.19"	"RAB3GAP1"	chr2	+	135058010	135058086	135090997	135091130	135052429	135052485	135093614	135093693	3932	0,0,0	0,0,2	0,0,1	0,0,0	175	198	1	1.0	NA,NA,0.0	NA,NA,1.0	-1.0
3979	"ENSG00000127314.18"	"RAP1B"	chr12	+	68651994	68652051	68654111	68654252	68650399	68650468	68656305	68656449	3979	0,1,2	1,0,1	0,0,0	0,1,0	156	198	1	1.0	0.0,1.0,0.717	NA,0.0,NA	0.572
3980	"ENSG00000127314.18"	"RAP1B"	chr12	+	68654111	68654252	68656305	68656449	68651994	68652051	68657100	68657217	3980	0,0,5	0,2,1	0,0,0	1,0,3	198	198	1	1.0	NA,0.0,0.833	0.0,NA,0.0	0.416
3981	"ENSG00000119321.10"	"FKBP15"	chr9	-	113184291	113184399	113184694	113184804	113183750	113183845	113186248	113186363	3981	0,5,1	0,1,1	0,0,0	0,0,1	198	198	1	1.0	NA,0.833,0.5	NA,NA,0.0	0.666
3986	"ENSG00000136861.19"	"CDK5RAP2"	chr9	-	120404035	120404113	120407011	120407248	120402805	120403071	120408346	120408468	3986	0,0,0	0,2,0	1,0,0	0,0,0	198	177	1	1.0	NA,0.0,NA	1.0,NA,NA	-1.0
3987	"ENSG00000136861.19"	"CDK5RAP2"	chr9	-	120447894	120448126	120453455	120453873	120443619	120443742	120458449	120458622	3987	0,0,1	0,0,1	0,0,1	0,0,0	198	198	1	1.0	NA,NA,0.5	NA,NA,1.0	-0.5
3993	"ENSG00000119487.17"	"MAPKAP1"	chr9	-	125484442	125484583	125506309	125506417	125467971	125468109	125543058	125543168	3993	0,0,4	0,1,1	3,0,1	1,0,1	198	198	1	1.0	NA,0.0,0.8	0.75,NA,0.5	-0.225
4000	"ENSG00000136877.15"	"FPGS"	chr9	+	127806972	127807087	127807208	127807286	127804635	127804700	127807420	127807482	4000	0,2,2	0,0,1	0,1,0	0,0,0	198	177	1	1.0	NA,1.0,0.641	NA,1.0,NA	-0.179
4004	"ENSG00000119383.21"	"PTPA"	chr9	+	129123051	129123138	129128984	129129110	129120512	129120610	129131521	129131639	4004	0,0,0	0,1,2	0,0,1	1,0,0	186	198	1	1.0	NA,0.0,0.0	0.0,NA,1.0	-0.5
4006	"ENSG00000108039.18"	"XPNPEP1"	chr10	-	109893011	109893075	109907690	109907815	109891721	109891826	109915010	109915099	4006	0,2,1	0,1,2	1,0,0	0,0,1	198	163	1	1.0	NA,0.622,0.292	1.0,NA,0.0	-0.043
4018	"ENSG00000073584.20"	"SMARCE1"	chr17	-	40642454	40642559	40645575	40645619	40637491	40637572	40645795	40645847	4018	0,0,0	0,0,1	0,2,0	2,0,1	143	198	1	1.0	NA,NA,0.0	0.0,1.0,0.0	-0.333
4048	"ENSG00000114302.17"	"PRKAR2A"	chr3	-	48772954	48773108	48782985	48783092	48765247	48765349	48790543	48790627	4048	0,0,2	1,0,1	1,0,0	0,0,0	198	198	1	1.0	0.0,NA,0.667	1.0,NA,NA	-0.666
4069	"ENSG00000110921.14"	"MVK"	chr12	+	109579801	109579946	109581394	109581550	109575997	109576145	109586021	109586125	4069	0,1,0	0,0,0	0,0,0	0,1,0	198	198	1	1.0	NA,1.0,NA	NA,0.0,NA	1.0
4070	"ENSG00000005844.19"	"ITGAL"	chr16	+	30479090	30479208	30481438	30481584	30475512	30475580	30483826	30483959	4070	1,5,3	0,2,1	1,0,0	0,1,2	198	198	0.000144845747894	0.0147380548482145	1.0,0.714,0.75	1.0,0.0,0.0	0.488
4109	"ENSG00000122882.11"	"ECD"	chr10	-	73152292	73152421	73154255	73154448	73148275	73148404	73156274	73156453	4109	0,1,0	0,0,2	1,0,0	0,0,0	198	198	1	1.0	NA,1.0,0.0	1.0,NA,NA	-0.5
4112	"ENSG00000049618.25"	"ARID1B"	chr6	+	157110471	157110561	157133027	157133207	157084661	157084905	157148623	157148951	4112	0,10,3	0,0,1	1,0,1	0,0,0	189	198	1	1.0	NA,1.0,0.759	1.0,NA,1.0	-0.121
4113	"ENSG00000049618.25"	"ARID1B"	chr6	+	157133027	157133207	157148623	157148951	157110471	157110561	157167039	157167185	4113	3,2,7	1,3,0	1,0,2	0,0,1	198	198	1	1.0	0.75,0.4,1.0	1.0,NA,0.667	-0.117
4122	"ENSG00000148672.10"	"GLUD1"	chr10	-	87068062	87068157	87074550	87074614	87062655	87062835	87075967	87076023	4122	0,0,1	0,0,1	0,0,0	0,0,2	163	194	1	1.0	NA,NA,0.543	NA,NA,0.0	0.543
4124	"ENSG00000109861.17"	"CTSC"	chr11	-	88309162	88309318	88312387	88312554	88300529	88300645	88334936	88335082	4124	0,3,2	0,2,4	1,0,0	3,0,1	198	198	1	1.0	NA,0.6,0.333	0.25,NA,0.0	0.342
4129	"ENSG00000134283.18"	"PPHLN1"	chr12	+	42355160	42355222	42374862	42375074	42335882	42335974	42384939	42384996	4129	0,3,0	2,2,2	0,0,0	0,0,1	161	198	1	1.0	0.0,0.648,0.0	NA,NA,0.0	0.216
4131	"ENSG00000134283.18"	"PPHLN1"	chr12	+	42374862	42375074	42384939	42384996	42355160	42355222	42387455	42387535	4131	1,0,1	0,0,3	1,0,0	0,0,0	198	156	1	1.0	1.0,NA,0.208	1.0,NA,NA	-0.396
4148	"ENSG00000171311.13"	"EXOSC1"	chr10	-	97443236	97443311	97445452	97445606	97441170	97441259	97445731	97445847	4148	0,0,0	0,1,1	1,0,0	0,0,0	198	174	1	1.0	NA,0.0,0.0	1.0,NA,NA	-1.0
4149	"ENSG00000155256.18"	"ZFYVE27"	chr10	+	97738476	97738674	97744728	97744915	97737120	97737321	97748268	97748364	4149	1,1,0	0,1,1	3,0,2	0,0,0	198	198	1	1.0	1.0,0.5,0.0	1.0,NA,1.0	-0.5
4184	"ENSG00000107862.7"	"GBF1"	chr10	+	102359269	102359435	102360183	102360395	102358505	102358729	102361021	102361120	4184	0,0,0	0,1,1	1,0,0	0,0,0	198	198	1	1.0	NA,0.0,0.0	1.0,NA,NA	-1.0
4185	"ENSG00000107862.7"	"GBF1"	chr10	+	102360183	102360395	102361717	102361912	102359269	102359435	102362474	102362664	4185	2,0,0	1,1,5	1,0,1	2,0,1	198	198	1	1.0	0.667,0.0,0.0	0.333,NA,0.5	-0.194
4211	"ENSG00000107669.19"	"ATE1"	chr10	-	121898840	121898969	121902390	121902620	121870005	121870038	121910905	121911151	4211	0,3,0	0,1,0	1,0,0	0,0,0	198	198	1	1.0	NA,0.75,NA	1.0,NA,NA	-0.25
4226	"ENSG00000130640.15"	"TUBGCP2"	chr10	-	133285084	133285455	133285455	133285628	133283881	133284002	133288128	133288309	4226	5,2,4	1,1,0	0,0,3	4,1,0	198	198	0.00046167590922	0.037580419010508	0.833,0.667,1.0	0.0,0.0,1.0	0.5
4243	"ENSG00000110756.18"	"HPS5"	chr11	-	18291441	18292019	18292898	18292976	18287892	18288013	18295019	18295169	4243	0,2,0	0,0,1	4,0,1	0,0,1	177	198	1	1.0	NA,1.0,0.0	1.0,NA,0.528	-0.264
4256	"ENSG00000118785.15"	"SPP1"	chr4	+	87980045	87980126	87980392	87980434	87977058	87977097	87981474	87981798	4256	5,19,24	1,1,2	7,7,17	3,2,2	180	141	0.080106781015	1.0	0.797,0.937,0.904	0.646,0.733,0.869	0.13
4272	"ENSG00000110497.15"	"AMBRA1"	chr11	-	46508190	46508370	46512726	46512813	46494123	46494204	46541944	46543398	4272	0,0,0	0,0,1	1,0,0	1,2,2	186	198	1	1.0	NA,NA,0.0	0.516,0.0,0.0	-0.172
4281	"ENSG00000182087.14"	"TMEM259"	chr19	-	1010990	1011095	1011095	1011195	1009652	1010895	1011366	1011499	4281	2,2,13	0,1,0	4,0,0	0,0,0	198	198	1	1.0	1.0,0.667,1.0	1.0,NA,NA	-0.111
4313	"ENSG00000110066.16"	"KMT5B"	chr11	-	68179469	68179616	68180131	68180200	68175017	68175183	68185780	68185928	4313	1,1,4	0,0,0	0,0,0	0,0,2	168	198	1	1.0	1.0,1.0,1.0	NA,NA,0.0	1.0
4314	"ENSG00000110066.16"	"KMT5B"	chr11	-	68180131	68180200	68185780	68185928	68175017	68175183	68189916	68190152	4314	1,0,3	0,1,0	1,0,1	0,0,0	198	168	1	1.0	1.0,0.0,1.0	1.0,NA,1.0	-0.333
4317	"ENSG00000110075.15"	"PPP6R3"	chr11	+	68575957	68576043	68583042	68583129	68574108	68574224	68587926	68588024	4317	2,2,2	0,0,0	1,0,2	1,0,0	185	186	1	1.0	1.0,1.0,1.0	0.501,NA,1.0	0.25
4318	"ENSG00000110075.15"	"PPP6R3"	chr11	+	68575957	68576043	68583042	68583129	68574108	68574224	68587944	68588024	4318	2,2,3	0,0,1	1,0,2	1,0,0	185	186	1	1.0	1.0,1.0,0.751	0.501,NA,1.0	0.166
4347	"ENSG00000137478.15"	"FCHSD2"	chr11	-	73000989	73001134	73015808	73015885	72988963	72989097	73083694	73083740	4347	7,11,44	4,15,47	20,0,31	7,1,12	176	198	0.388513797457	1.0	0.663,0.452,0.513	0.763,0.0,0.744	0.04
4348	"ENSG00000175582.20"	"RAB6A"	chr11	-	73718612	73718718	73718784	73718890	73716250	73716362	73720845	73720899	4348	1,0,1	0,3,0	0,0,0	2,0,1	198	198	1	1.0	1.0,0.0,1.0	0.0,NA,0.0	0.667
4353	"ENSG00000149273.15"	"RPS3"	chr11	+	75402351	75402379	75404019	75404207	75401639	75401733	75404671	75404868	4353	1,0,0	7,5,16	0,4,0	2,4,6	127	198	0.110333656561	1.0	0.182,0.0,0.0	0.0,0.609,0.0	-0.142
4354	"ENSG00000149273.15"	"RPS3"	chr11	+	75402351	75402446	75404019	75404207	75401639	75401733	75404671	75404868	4354	3,0,5	7,5,16	1,4,5	2,4,6	194	198	0.0602532620521	1.0	0.304,0.0,0.242	0.338,0.505,0.46	-0.252
4356	"ENSG00000159063.14"	"ALG8"	chr11	-	78106806	78106946	78112649	78112770	78104355	78104453	78113885	78113989	4356	0,1,0	0,0,2	0,0,0	0,0,1	198	198	1	1.0	NA,1.0,0.0	NA,NA,0.0	0.5
4388	"ENSG00000144741.19"	"SLC25A26"	chr3	+	66236543	66236700	66243202	66243312	66221011	66221127	66262050	66262155	4388	0,0,3	0,0,1	0,0,0	1,0,1	198	198	1	1.0	NA,NA,0.75	0.0,NA,0.0	0.75
4425	"ENSG00000135297.17"	"MTO1"	chr6	+	73473364	73473654	73479731	73479844	73466488	73466606	73479935	73480126	4425	0,2,0	0,0,1	1,0,0	0,0,0	198	198	1	1.0	NA,1.0,0.0	1.0,NA,NA	-0.5
4457	"ENSG00000033627.18"	"ATP6V0A1"	chr17	+	42468009	42468107	42470089	42470218	42466428	42466507	42477659	42477742	4457	0,4,0	0,0,2	1,0,2	2,0,0	197	198	1	1.0	NA,1.0,0.0	0.334,NA,1.0	-0.167
4464	"ENSG00000167535.8"	"CACNB3"	chr12	+	48823680	48823803	48824257	48824373	48823343	48823466	48824668	48824733	4464	0,1,0	0,0,0	0,0,0	0,0,2	198	198	1	1.0	NA,1.0,NA	NA,NA,0.0	1.0
4466	"ENSG00000249859.14"	"PVT1"	chr8	+	127795893	127796008	127855154	127855319	127794589	127794734	127890588	127890998	4466	0,0,0	0,4,0	1,0,0	0,1,0	198	198	1	1.0	NA,0.0,NA	1.0,0.0,NA	-0.5
4479	"ENSG00000249859.14"	"PVT1"	chr8	+	128031958	128032272	128070159	128070361	128010317	128010444	128096517	128096654	4479	0,0,1	0,0,0	0,0,0	1,0,0	198	198	1	1.0	NA,NA,1.0	0.0,NA,NA	1.0
4532	"ENSG00000257379.1"	"ENSG00000257379"	chr12	+	53464759	53464852	53465931	53465973	53462492	53462567	53467220	53467528	4532	1,3,16	1,4,10	4,3,5	6,2,4	192	141	0.641559161651	1.0	0.423,0.355,0.54	0.329,0.524,0.479	-0.005
4550	"ENSG00000092841.19"	"MYL6"	chr12	+	56159497	56159622	56159622	56159730	56158683	56158711	56159974	56160148	4550	0,0,1	5,5,16	0,0,0	8,2,5	198	198	1	1.0	0.0,0.0,0.059	0.0,0.0,0.0	0.02
4551	"ENSG00000092841.19"	"MYL6"	chr12	+	56159586	56159622	56159622	56159730	56158683	56158711	56159974	56160148	4551	0,0,1	5,5,16	0,0,0	8,2,5	135	198	1	1.0	0.0,0.0,0.084	0.0,0.0,0.0	0.028
4557	"ENSG00000135679.27"	"MDM2"	chr12	+	68813553	68813628	68816811	68816945	68809211	68809292	68820324	68820374	4557	0,0,1	0,0,0	0,0,1	0,0,1	174	198	1	1.0	NA,NA,1.0	NA,NA,0.532	0.468
4573	"ENSG00000121749.16"	"TBC1D15"	chr12	+	71880468	71880607	71884810	71885021	71872928	71873003	71893221	71893324	4573	1,2,2	0,0,2	0,1,0	0,0,0	198	198	1	1.0	1.0,1.0,0.5	NA,1.0,NA	-0.167
4616	"ENSG00000058272.19"	"PPP1R12A"	chr12	-	79805591	79805768	79806165	79806333	79798493	79798584	79807225	79807330	4616	0,0,4	0,1,3	0,0,0	0,2,0	198	198	1	1.0	NA,0.0,0.571	NA,0.0,NA	0.285
4617	"ENSG00000110514.20"	"MADD"	chr11	+	47311731	47311842	47315219	47315327	47309506	47309612	47323670	47323835	4617	0,0,2	0,0,1	1,0,0	0,0,2	198	198	1	1.0	NA,NA,0.667	1.0,NA,0.0	0.167
4638	"ENSG00000111331.14"	"OAS3"	chr12	+	112944475	112944651	112946742	112946981	112941569	112941852	112947945	112948099	4638	1,0,0	0,0,0	11,0,28	3,0,2	198	198	1	1.0	1.0,NA,NA	0.786,NA,0.933	0.14
4656	"ENSG00000112787.14"	"FBRSL1"	chr12	+	132571067	132571231	132571306	132571524	132570334	132570540	132572287	132572344	4656	1,6,2	0,0,2	4,3,1	0,0,0	198	198	0.794386633097	1.0	1.0,1.0,0.5	1.0,1.0,1.0	-0.167
4660	"ENSG00000139496.18"	"NUP58"	chr13	+	25319325	25319350	25320529	25320595	25315356	25315467	25320918	25321093	4660	0,0,2	0,1,0	0,0,2	0,0,0	124	165	1	1.0	NA,0.0,1.0	NA,NA,1.0	-0.5
4678	"ENSG00000122566.22"	"HNRNPA2B1"	chr7	-	26191421	26191650	26192300	26192338	26190992	26191128	26192494	26192577	4678	0,1,0	2,0,0	0,2,0	0,0,0	137	198	1	1.0	0.0,1.0,NA	NA,1.0,NA	-0.5
4679	"ENSG00000122566.22"	"HNRNPA2B1"	chr7	-	26193574	26193598	26193598	26193694	26193250	26193373	26195846	26195909	4679	1,6,7	0,0,1	0,0,3	1,0,0	195	123	1	1.0	1.0,1.0,0.815	0.0,NA,1.0	0.438
4680	"ENSG00000122566.22"	"HNRNPA2B1"	chr7	-	26193574	26193652	26195846	26195909	26193250	26193373	26196400	26196481	4680	3,6,4	1,0,3	3,4,5	3,0,6	162	177	0.151913141961	1.0	0.766,1.0,0.593	0.522,1.0,0.477	0.12
4710	"ENSG00000167110.19"	"GOLGA2"	chr9	-	128266286	128266325	128267193	128267274	128265969	128266020	128267457	128267517	4710	1,1,0	0,0,0	0,0,0	0,0,2	180	138	1	1.0	1.0,1.0,NA	NA,NA,0.0	1.0
4711	"ENSG00000167110.19"	"GOLGA2"	chr9	-	128268419	128268524	128272784	128272865	128268116	128268160	128273849	128273972	4711	0,1,0	0,0,2	0,0,0	1,0,0	180	198	1	1.0	NA,1.0,0.0	0.0,NA,NA	0.5
4715	"ENSG00000100503.27"	"NIN"	chr14	-	50744242	50744365	50747991	50748105	50743415	50743529	50752517	50752733	4715	1,1,0	0,1,1	2,0,1	0,0,0	198	198	1	1.0	1.0,0.5,0.0	1.0,NA,1.0	-0.5
4724	"ENSG00000213928.10"	"IRF9"	chr14	+	24164062	24164134	24164613	24164955	24163883	24163959	24165846	24165962	4724	0,0,0	0,0,2	0,0,1	4,0,1	171	198	1	1.0	NA,NA,0.0	0.0,NA,0.537	-0.269
4725	"ENSG00000065911.13"	"MTHFD2"	chr2	+	74201381	74201479	74205704	74205889	74198614	74198742	74207703	74207826	4725	1,0,0	0,0,0	0,0,0	1,0,3	197	198	1	1.0	1.0,NA,NA	0.0,NA,0.0	1.0
4729	"ENSG00000092108.22"	"SCFD1"	chr14	+	30630476	30630565	30633946	30634037	30628208	30628279	30638124	30638247	4729	2,1,2	1,0,3	0,0,1	0,0,0	188	190	1	1.0	0.669,1.0,0.403	NA,NA,1.0	-0.309
4737	"ENSG00000120992.18"	"LYPLA1"	chr8	-	54062253	54062324	54063327	54063375	54055059	54055133	54065747	54065813	4737	1,0,2	0,0,3	0,0,0	0,1,0	147	170	1	1.0	1.0,NA,0.435	NA,0.0,NA	0.718
4739	"ENSG00000170100.14"	"ZNF778"	chr16	+	89223156	89223283	89224718	89224802	89222091	89222183	89225554	89225631	4739	0,0,1	0,1,0	3,0,0	0,0,0	198	183	1	1.0	NA,0.0,1.0	1.0,NA,NA	-0.5
4741	"ENSG00000101596.17"	"SMCHD1"	chr18	+	2760651	2760739	2762104	2762236	2752487	2752552	2763636	2763789	4741	0,0,2	0,2,2	1,0,0	0,0,0	187	198	1	1.0	NA,0.0,0.514	1.0,NA,NA	-0.743
