ID	GeneID	geneSymbol	chr	strand	longExonStart_0base	longExonEnd	shortES	shortEE	flankingES	flankingEE	ID	IJC_SAMPLE_1	SJC_SAMPLE_1	IJC_SAMPLE_2	SJC_SAMPLE_2	IncFormLen	SkipFormLen	PValue	FDR	IncLevel1	IncLevel2	IncLevelDifference
23	"ENSG00000071553.18"	"ATP6AP1"	chrX	+	154429047	154431657	154429047	154429174	154431829	154431904	23	0,2,0	0,0,2	0,0,0	0,0,1	198	99	1	1.0	NA,1.0,0.0	NA,NA,0.0	0.5
84	"ENSG00000184634.17"	"MED12"	chrX	+	71128597	71128853	71128597	71128718	71129113	71129215	84	0,0,0	0,1,3	2,0,0	0,0,0	198	99	1	1.0	NA,0.0,0.0	1.0,NA,NA	-1.0
93	"ENSG00000182518.14"	"FAM104B"	chrX	-	55159125	55159228	55159128	55159228	55146180	55146311	93	0,0,1	0,0,0	1,0,0	2,0,0	102	99	1	1.0	NA,NA,1.0	0.327,NA,NA	0.673
95	"ENSG00000086758.17"	"HUWE1"	chrX	-	53543840	53543968	53543885	53543968	53542442	53542539	95	0,0,4	0,1,0	1,0,4	0,0,0	144	99	1	1.0	NA,0.0,1.0	1.0,NA,1.0	-0.5
97	"ENSG00000126012.13"	"KDM5C"	chrX	-	53193772	53193851	53193781	53193851	53193436	53193636	97	2,0,1	0,0,2	1,0,0	4,1,0	108	99	1	1.0	1.0,NA,0.314	0.186,0.0,NA	0.564
182	"ENSG00000100410.8"	"PHF5A"	chr22	-	41468019	41468147	41468123	41468147	41467447	41467614	182	0,0,1	0,0,1	0,0,0	0,0,1	198	99	1	1.0	NA,NA,0.333	NA,NA,0.0	0.333
183	"ENSG00000100412.17"	"ACO2"	chr22	+	41515766	41515992	41515766	41515917	41517526	41517631	183	0,2,0	2,0,0	0,0,0	0,0,3	174	99	1	1.0	0.0,1.0,NA	NA,NA,0.0	0.5
189	"ENSG00000239900.14"	"ADSL"	chr22	+	40361487	40361666	40361487	40361635	40362980	40363071	189	0,0,1	0,0,4	0,0,1	0,0,1	130	99	1	1.0	NA,NA,0.16	NA,NA,0.432	-0.272
190	"ENSG00000239900.14"	"ADSL"	chr22	+	40361487	40361677	40361487	40361635	40362980	40363071	190	0,0,1	0,0,4	0,0,1	0,0,1	141	99	1	1.0	NA,NA,0.149	NA,NA,0.413	-0.264
192	"ENSG00000100242.16"	"SUN2"	chr22	-	38740888	38741050	38741006	38741050	38740266	38740432	192	3,0,0	0,1,0	0,0,0	0,0,1	198	99	1	1.0	1.0,0.0,NA	NA,NA,0.0	0.5
247	"ENSG00000099949.22"	"LZTR1"	chr22	+	20990385	20990969	20990385	20990525	20991627	20991829	247	0,0,1	0,1,0	0,0,0	0,0,2	198	99	1	1.0	NA,0.0,1.0	NA,NA,0.0	0.5
261	"ENSG00000160256.14"	"SLX9"	chr21	+	44943683	44943837	44943683	44943792	44960099	44960168	261	0,0,0	0,1,0	2,0,0	0,0,0	144	99	1	1.0	NA,0.0,NA	1.0,NA,NA	-1.0
266	"ENSG00000160226.16"	"CFAP410"	chr21	-	44334060	44335804	44335757	44335804	44333032	44333262	266	0,1,2	0,0,0	0,0,1	0,0,2	198	99	1	1.0	NA,1.0,1.0	NA,NA,0.2	0.8
299	"ENSG00000197114.12"	"ZGPAT"	chr20	+	63733586	63733739	63733586	63733712	63734704	63734824	299	2,3,0	0,0,0	0,0,0	2,0,0	126	99	1	1.0	1.0,1.0,NA	0.0,NA,NA	1.0
307	"ENSG00000022277.13"	"RTF2"	chr20	+	56470599	56470941	56470599	56470751	56471613	56471669	307	0,0,1	0,0,0	0,0,0	0,2,0	198	99	1	1.0	NA,NA,1.0	NA,0.0,NA	1.0
313	"ENSG00000101040.20"	"ZMYND8"	chr20	-	47238757	47239138	47238895	47239138	47236325	47236516	313	0,0,2	0,2,1	0,0,1	0,0,0	198	99	1	1.0	NA,0.0,0.5	NA,NA,1.0	-0.75
314	"ENSG00000101017.15"	"CD40"	chr20	+	46126639	46126741	46126639	46126701	46128137	46128224	314	0,0,1	0,0,2	0,0,0	0,0,1	139	99	1	1.0	NA,NA,0.263	NA,NA,0.0	0.263
317	"ENSG00000101109.13"	"STK4"	chr20	+	45000391	45000586	45000391	45000520	45001166	45001353	317	0,1,1	0,0,5	0,0,0	1,0,0	165	99	1	1.0	NA,1.0,0.107	0.0,NA,NA	0.553
319	"ENSG00000184402.15"	"SS18L1"	chr20	+	62158671	62158942	62158671	62158748	62159876	62159961	319	0,0,1	0,0,1	0,0,0	1,1,0	198	99	1	1.0	NA,NA,0.333	0.0,0.0,NA	0.333
345	"ENSG00000196756.15"	"SNHG17"	chr20	-	38435026	38435328	38435196	38435328	38434503	38434626	345	0,5,0	3,0,1	1,0,0	0,0,0	198	99	1	1.0	0.0,1.0,0.0	1.0,NA,NA	-0.667
367	"ENSG00000101294.19"	"HM13"	chr20	+	31538178	31538359	31538178	31538261	31544946	31545035	367	0,1,1	1,0,1	0,0,0	0,0,1	197	99	1	1.0	0.0,1.0,0.334	NA,NA,0.0	0.445
368	"ENSG00000101294.19"	"HM13"	chr20	+	31538178	31538554	31538178	31538261	31544946	31545035	368	0,1,1	1,0,1	0,0,0	0,0,1	198	99	1	1.0	0.0,1.0,0.333	NA,NA,0.0	0.444
383	"ENSG00000101310.17"	"SEC23B"	chr20	+	18507939	18508297	18507939	18507972	18510821	18511056	383	0,0,0	0,2,1	0,2,1	2,0,0	198	99	1	1.0	NA,0.0,0.0	0.0,1.0,1.0	-0.667
403	"ENSG00000089063.15"	"TMEM230"	chr20	-	5109157	5109445	5109331	5109445	5106187	5106310	403	0,0,1	1,1,3	0,0,0	2,0,2	198	99	1	1.0	0.0,0.0,0.143	0.0,NA,0.0	0.048
412	"ENSG00000101361.17"	"NOP56"	chr20	+	2655933	2656214	2655933	2656034	2656400	2656549	412	0,2,1	0,1,0	0,0,0	0,0,1	198	99	1	1.0	NA,0.5,1.0	NA,NA,0.0	0.75
463	"ENSG00000142546.14"	"NOSIP"	chr19	-	49557080	49557249	49557089	49557249	49556874	49556993	463	0,0,0	0,2,2	0,0,2	0,0,0	108	99	1	1.0	NA,0.0,0.0	NA,NA,1.0	-1.0
467	"ENSG00000104852.15"	"SNRNP70"	chr19	+	49102113	49103587	49102113	49102173	49104633	49104735	467	0,3,6	1,0,0	5,0,0	0,0,0	198	99	1	1.0	0.0,1.0,1.0	1.0,NA,NA	-0.333
561	"ENSG00000272333.8"	"KMT2B"	chr19	+	35725722	35725830	35725722	35725818	35726235	35726330	561	0,0,0	1,3,3	0,0,1	0,0,0	111	99	1	1.0	0.0,0.0,0.0	NA,NA,1.0	-1.0
620	"ENSG00000268790.5"	"ENSG00000268790"	chr19	-	16647095	16647261	16647119	16647261	16578334	16578409	620	0,0,0	2,0,0	0,0,1	0,0,0	123	99	1	1.0	0.0,NA,NA	NA,NA,1.0	-1.0
630	"ENSG00000289720.1"	"ENSG00000289720"	chr20	+	34477771	34477906	34477771	34477860	34479629	34479789	630	0,0,1	0,1,1	0,0,0	1,0,1	145	99	1	1.0	NA,0.0,0.406	0.0,NA,0.0	0.203
634	"ENSG00000104907.13"	"TRMT1"	chr19	-	13116145	13116340	13116186	13116340	13115996	13116052	634	4,0,1	0,0,0	2,0,2	2,0,0	140	99	1	1.0	1.0,NA,1.0	0.414,NA,1.0	0.293
636	"ENSG00000104907.13"	"TRMT1"	chr19	-	13116171	13116431	13116186	13116431	13115996	13116052	636	1,0,0	0,0,0	0,0,0	2,0,0	114	99	1	1.0	1.0,NA,NA	0.0,NA,NA	1.0
637	"ENSG00000179218.15"	"CALR"	chr19	+	12940743	12940975	12940743	12940887	12943536	12943629	637	4,0,0	0,0,4	0,0,0	5,2,19	187	99	1	1.0	1.0,NA,0.0	0.0,0.0,0.0	0.5
638	"ENSG00000179115.11"	"FARSA"	chr19	-	12928534	12928663	12928572	12928663	12928341	12928457	638	0,1,4	0,0,2	0,0,1	0,0,0	137	99	1	1.0	NA,1.0,0.591	NA,NA,1.0	-0.205
639	"ENSG00000105607.13"	"GCDH"	chr19	+	12891486	12891660	12891486	12891522	12891830	12891974	639	0,2,1	1,1,0	0,0,0	0,1,0	198	99	1	1.0	0.0,0.5,1.0	NA,0.0,NA	0.5
701	"ENSG00000133275.16"	"CSNK1G2"	chr19	+	1979494	1979643	1979494	1979618	1979751	1979835	701	3,9,10	0,0,2	2,0,1	0,0,0	124	99	1	1.0	1.0,1.0,0.8	1.0,NA,1.0	-0.067
706	"ENSG00000071564.19"	"TCF3"	chr19	-	1631950	1632116	1632037	1632116	1627358	1627426	706	0,0,0	1,1,0	0,1,0	0,0,0	186	99	1	1.0	0.0,0.0,NA	NA,1.0,NA	-1.0
727	"ENSG00000172175.16"	"MALT1"	chr18	+	58734306	58734566	58734306	58734381	58735201	58735329	727	0,1,0	0,0,1	0,0,0	0,0,1	198	99	1	1.0	NA,1.0,0.0	NA,NA,0.0	0.5
734	"ENSG00000196628.20"	"TCF4"	chr18	-	55232508	55232671	55232520	55232671	55228846	55229076	734	0,2,7	0,5,1	0,0,0	0,2,0	111	99	1	1.0	NA,0.263,0.862	NA,0.0,NA	0.562
736	"ENSG00000196628.20"	"TCF4"	chr18	-	55586920	55587136	55587044	55587136	55585279	55585352	736	0,0,5	6,7,10	0,0,3	2,0,3	198	99	1	1.0	0.0,0.0,0.2	0.0,NA,0.333	-0.1
771	"ENSG00000105372.8"	"RPS19"	chr19	+	41860254	41860445	41860254	41860289	41860774	41860845	771	0,0,0	5,8,16	2,0,0	29,12,27	198	99	1	1.0	0.0,0.0,0.0	0.033,0.0,0.0	-0.011
777	"ENSG00000178127.13"	"NDUFV2"	chr18	+	9124873	9124996	9124873	9124983	9126830	9126907	777	2,0,0	0,0,2	0,0,0	0,0,2	112	99	1	1.0	1.0,NA,0.0	NA,NA,0.0	0.5
793	"ENSG00000181396.13"	"OGFOD3"	chr17	-	82415397	82415627	82415405	82415627	82411454	82411530	793	0,5,0	0,1,0	0,0,0	2,0,0	107	99	1	1.0	NA,0.822,NA	0.0,NA,NA	0.822
801	"ENSG00000169718.18"	"DUS1L"	chr17	-	82061556	82061721	82061617	82061721	82061208	82061353	801	0,0,0	1,3,5	0,2,0	0,0,0	160	99	1	1.0	0.0,0.0,0.0	NA,1.0,NA	-1.0
804	"ENSG00000141552.18"	"ANAPC11"	chr17	+	81894466	81894624	81894466	81894586	81899919	81900254	804	0,0,0	2,0,1	0,0,3	0,0,1	137	99	1	1.0	0.0,NA,0.0	NA,NA,0.684	-0.684
809	"ENSG00000185624.16"	"P4HB"	chr17	-	81845817	81845991	81845870	81845991	81845560	81845742	809	0,0,0	0,0,2	0,1,0	1,2,8	152	99	1	1.0	NA,NA,0.0	0.0,0.246,0.0	-0.082
814	"ENSG00000185624.16"	"P4HB"	chr17	-	81858494	81859387	81859180	81859387	81855452	81855586	814	1,1,0	4,3,5	0,0,0	0,4,8	198	99	1	1.0	0.111,0.143,0.0	NA,0.0,0.0	0.085
816	"ENSG00000185624.16"	"P4HB"	chr17	-	81858934	81859387	81859180	81859387	81855452	81855586	816	1,1,0	4,3,5	0,0,0	0,4,8	198	99	1	1.0	0.111,0.143,0.0	NA,0.0,0.0	0.085
824	"ENSG00000185504.17"	"FAAP100"	chr17	-	81551731	81552052	81551927	81552052	81550247	81551203	824	0,5,0	2,3,1	2,0,0	0,0,1	198	99	1	1.0	0.0,0.455,0.0	1.0,NA,0.0	-0.348
833	"ENSG00000089685.15"	"BIRC5"	chr17	+	78215965	78216066	78215965	78216034	78216663	78216781	833	0,0,0	0,0,1	0,0,2	0,0,0	131	99	1	1.0	NA,NA,0.0	NA,NA,1.0	-1.0
855	"ENSG00000177728.17"	"TMEM94"	chr17	+	75491302	75491467	75491302	75491455	75491690	75491900	855	0,0,4	0,2,0	0,0,0	0,0,2	111	99	1	1.0	NA,0.0,1.0	NA,NA,0.0	0.5
861	"ENSG00000125458.7"	"NT5C"	chr17	-	75130964	75131105	75131044	75131105	75130752	75130867	861	2,0,1	0,2,0	0,0,0	0,1,0	179	99	1	1.0	1.0,0.0,1.0	NA,0.0,NA	0.667
874	"ENSG00000291117.1"	"ENSG00000291117"	chr17	-	64787111	64787311	64787247	64787311	64786566	64786724	874	0,0,2	1,1,9	0,0,0	0,8,0	198	99	1	1.0	0.0,0.0,0.1	NA,0.0,NA	0.033
880	"ENSG00000266173.7"	"STRADA"	chr17	-	63728333	63728413	63728357	63728413	63714005	63714108	880	0,0,1	0,0,0	0,0,0	1,0,0	123	99	1	1.0	NA,NA,1.0	0.0,NA,NA	1.0
918	"ENSG00000108798.9"	"ABI3"	chr17	+	49216530	49216698	49216530	49216680	49217738	49217915	918	0,0,1	0,0,0	0,0,0	0,2,0	117	99	1	1.0	NA,NA,1.0	NA,0.0,NA	1.0
1021	"ENSG00000108671.11"	"PSMD11"	chr17	+	32473800	32474081	32473800	32473945	32474763	32474824	1021	0,0,1	0,0,1	0,0,0	1,2,0	198	99	1	1.0	NA,NA,0.333	0.0,0.0,NA	0.333
1028	"ENSG00000130175.10"	"PRKCSH"	chr19	+	11435634	11435710	11435634	11435706	11436040	11436196	1028	0,0,2	1,0,2	0,0,1	2,0,8	103	99	1	1.0	0.0,NA,0.49	0.0,NA,0.107	0.192
1029	"ENSG00000130175.10"	"PRKCSH"	chr19	+	11447438	11447618	11447438	11447597	11447692	11447789	1029	0,3,2	0,0,1	2,0,0	1,2,1	120	99	1	1.0	NA,1.0,0.623	0.623,0.0,0.0	0.604
1063	"ENSG00000175061.20"	"SNHG29"	chr17	+	16439326	16439703	16439326	16439414	16440184	16440253	1063	0,8,1	6,0,9	4,2,1	4,0,12	198	99	0.665733196992	1.0	0.0,1.0,0.053	0.333,1.0,0.04	-0.107
1096	"ENSG00000187838.17"	"PLSCR3"	chr17	-	7393143	7393509	7393466	7393509	7392790	7392952	1096	0,0,1	0,0,0	0,2,0	0,1,0	198	99	1	1.0	NA,NA,1.0	NA,0.5,NA	0.5
1097	"ENSG00000187838.17"	"PLSCR3"	chr17	-	7393600	7394267	7394103	7394267	7393466	7393509	1097	1,0,1	0,0,0	0,0,0	0,1,0	198	99	1	1.0	1.0,NA,1.0	NA,0.0,NA	1.0
1143	"ENSG00000132376.20"	"INPP5K"	chr17	-	1509167	1509353	1509177	1509353	1508114	1508226	1143	0,1,0	0,0,0	0,0,0	1,0,0	109	99	1	1.0	NA,1.0,NA	0.0,NA,NA	1.0
1145	"ENSG00000108953.17"	"YWHAE"	chr17	-	1361901	1362008	1361929	1362008	1361091	1361298	1145	1,0,7	0,0,1	3,3,2	0,0,0	127	99	1	1.0	1.0,NA,0.845	1.0,1.0,1.0	-0.078
1153	"ENSG00000140995.17"	"DEF8"	chr16	+	89949416	89949638	89949416	89949513	89954242	89954376	1153	0,0,0	0,4,0	0,0,2	2,0,0	198	99	1	1.0	NA,0.0,NA	0.0,NA,1.0	-0.5
1160	"ENSG00000185324.22"	"CDK10"	chr16	+	89689251	89689324	89689251	89689306	89690552	89690624	1160	0,3,4	1,0,0	2,0,0	0,0,0	117	99	1	1.0	0.0,1.0,1.0	1.0,NA,NA	-0.333
1164	"ENSG00000131165.16"	"CHMP1A"	chr16	-	89653798	89653923	89653903	89653923	89651568	89651646	1164	0,0,2	1,1,0	0,0,0	0,0,1	198	99	1	1.0	0.0,0.0,1.0	NA,NA,0.0	0.333
1188	"ENSG00000185359.14"	"HGS"	chr17	+	81696356	81696531	81696356	81696529	81696606	81696747	1188	0,1,0	0,0,0	0,0,0	0,2,5	101	99	1	1.0	NA,1.0,NA	NA,0.0,0.0	1.0
1211	"ENSG00000103056.12"	"SMPD3"	chr16	-	68363776	68363866	68363800	68363866	68363495	68363559	1211	4,6,3	0,1,2	4,0,0	0,0,0	123	99	1	1.0	1.0,0.828,0.547	1.0,NA,NA	-0.208
1223	"ENSG00000168676.11"	"KCTD19"	chr16	-	67295262	67296259	67296158	67296259	67294972	67295056	1223	0,0,1	0,0,1	1,0,0	0,0,0	198	99	1	1.0	NA,NA,0.333	1.0,NA,NA	-0.667
1232	"ENSG00000172831.14"	"CES2"	chr16	+	66942647	66942785	66942647	66942737	66943298	66943371	1232	0,2,2	1,0,0	0,1,0	0,0,0	147	99	1	1.0	0.0,1.0,1.0	NA,1.0,NA	-0.333
1247	"ENSG00000187193.9"	"MT1X"	chr16	+	56683164	56683386	56683164	56683230	56683957	56684196	1247	0,0,1	2,2,1	0,0,0	0,0,2	198	99	1	1.0	0.0,0.0,0.333	NA,NA,0.0	0.111
1317	"ENSG00000168488.19"	"ATXN2L"	chr16	+	28835932	28836485	28835932	28836122	28836727	28837237	1317	1,0,3	0,0,1	6,0,2	0,0,0	198	99	1	1.0	1.0,NA,0.6	1.0,NA,1.0	-0.2
1321	"ENSG00000188603.22"	"CLN3"	chr16	-	28491481	28491835	28491713	28491835	28489289	28489386	1321	1,1,1	0,0,0	2,1,1	2,0,0	198	99	0.572375358633	1.0	1.0,1.0,1.0	0.333,1.0,1.0	0.222
1329	"ENSG00000103365.15"	"GGA2"	chr16	-	23495688	23495778	23495693	23495778	23494302	23494378	1329	0,0,1	0,2,0	0,0,0	1,0,0	104	99	1	1.0	NA,0.0,1.0	0.0,NA,NA	0.5
1346	"ENSG00000140694.18"	"PARN"	chr16	-	14591912	14593378	14593300	14593378	14586317	14586361	1346	0,0,0	0,0,6	0,0,2	0,2,0	198	99	1	1.0	NA,NA,0.0	NA,0.0,1.0	-0.5
1354	"ENSG00000105202.9"	"FBL"	chr19	-	39840682	39840787	39840721	39840787	39840413	39840509	1354	1,0,2	0,0,0	2,0,1	1,0,0	138	99	1	1.0	1.0,NA,1.0	0.589,NA,1.0	0.206
1369	"ENSG00000122390.19"	"NAA60"	chr16	+	3484698	3485083	3484698	3485061	3485466	3486952	1369	0,0,1	0,0,1	0,0,0	1,0,0	121	99	1	1.0	NA,NA,0.45	0.0,NA,NA	0.45
1400	"ENSG00000103197.19"	"TSC2"	chr16	+	2076490	2077726	2076490	2076585	2079031	2079196	1400	0,0,0	0,0,1	0,0,2	0,0,1	198	99	1	1.0	NA,NA,0.0	NA,NA,0.5	-0.5
1417	"ENSG00000141503.17"	"MINK1"	chr17	+	4886450	4886626	4886450	4886617	4887109	4887179	1417	0,0,1	0,0,1	0,0,0	1,0,0	108	99	1	1.0	NA,NA,0.478	0.0,NA,NA	0.478
1418	"ENSG00000103227.19"	"LMF1"	chr16	-	934189	934254	934243	934254	910930	911079	1418	0,0,1	0,2,0	0,0,1	2,0,0	153	99	1	1.0	NA,0.0,1.0	0.0,NA,1.0	0.0
1424	"ENSG00000103266.11"	"STUB1"	chr16	+	681792	681903	681792	681880	682019	682076	1424	0,0,1	0,3,0	0,1,0	1,0,1	122	99	1	1.0	NA,0.0,1.0	0.0,1.0,0.0	0.167
1488	"ENSG00000168872.17"	"DDX19A"	chr16	+	70361417	70361636	70361417	70361510	70364542	70364645	1488	1,0,0	0,0,0	0,0,0	0,0,2	198	99	1	1.0	1.0,NA,NA	NA,NA,0.0	1.0
1496	"ENSG00000137817.17"	"PARP6"	chr15	-	72260477	72260688	72260537	72260688	72259607	72259661	1496	0,1,3	0,1,1	0,0,0	1,0,0	159	99	1	1.0	NA,0.384,0.651	0.0,NA,NA	0.518
1503	"ENSG00000141295.14"	"SCRN2"	chr17	-	47838269	47838450	47838335	47838450	47837719	47838002	1503	0,1,0	0,0,0	0,0,0	0,4,0	165	99	1	1.0	NA,1.0,NA	NA,0.0,NA	1.0
1627	"ENSG00000197102.14"	"DYNC1H1"	chr14	+	102049439	102049611	102049439	102049582	102049713	102049882	1627	0,2,0	0,2,2	0,0,0	6,1,1	128	99	1	1.0	NA,0.436,0.0	0.0,0.0,0.0	0.218
1672	"ENSG00000133943.21"	"DGLUCY"	chr14	+	91215404	91215793	91215404	91215556	91224683	91225355	1672	0,0,1	0,0,0	0,0,0	0,0,2	198	99	1	1.0	NA,NA,1.0	NA,NA,0.0	1.0
1687	"ENSG00000119616.11"	"FCF1"	chr14	+	74713169	74713259	74713169	74713200	74713484	74713552	1687	0,0,0	2,0,0	0,0,2	0,2,0	158	99	1	1.0	0.0,NA,NA	NA,0.0,1.0	-0.5
1731	"ENSG00000140521.18"	"POLG"	chr15	-	89317938	89318749	89318540	89318749	89317375	89317536	1731	0,0,1	0,2,3	0,0,0	1,0,0	198	99	1	1.0	NA,0.0,0.143	0.0,NA,NA	0.071
1747	"ENSG00000214900.13"	"LINC01588"	chr14	-	49999926	50000044	49999949	50000044	49992777	49992873	1747	1,0,0	2,1,1	2,0,0	0,0,0	122	99	1	1.0	0.289,0.0,0.0	1.0,NA,NA	-0.904
1769	"ENSG00000063046.18"	"EIF4B"	chr12	+	53034611	53034724	53034611	53034709	53037408	53037622	1769	1,0,0	1,1,12	0,0,0	1,4,11	114	99	1	1.0	0.465,0.0,0.0	0.0,0.0,0.0	0.155
1776	"ENSG00000104859.15"	"CLASRP"	chr19	+	45057749	45057898	45057749	45057882	45059267	45059364	1776	5,5,8	3,3,0	4,0,0	0,0,0	115	99	1	1.0	0.589,0.589,1.0	1.0,NA,NA	-0.274
1777	"ENSG00000104859.15"	"CLASRP"	chr19	+	45068014	45068058	45068014	45068054	45068419	45068480	1777	1,7,8	0,2,0	1,0,0	0,0,0	103	99	1	1.0	1.0,0.771,1.0	1.0,NA,NA	-0.076
1780	"ENSG00000204257.15"	"HLA-DMA"	chr6	-	32949270	32949399	32949273	32949399	32948612	32948868	1780	0,3,1	0,0,1	0,2,0	0,0,0	102	99	1	1.0	NA,1.0,0.493	NA,1.0,NA	-0.254
1800	"ENSG00000204387.14"	"SNHG32"	chr6	+	31834907	31835200	31834907	31835057	31835410	31835451	1800	2,0,4	0,0,1	2,5,9	0,0,0	198	99	1	1.0	1.0,NA,0.667	1.0,1.0,1.0	-0.166
1815	"ENSG00000198053.12"	"SIRPA"	chr20	+	1934714	1934766	1934714	1934754	1937319	1940592	1815	0,0,0	0,1,0	0,2,0	1,2,2	111	99	1	1.0	NA,0.0,NA	0.0,0.471,0.0	-0.157
1824	"ENSG00000112514.18"	"CUTA"	chr6	-	33417868	33418107	33417958	33418107	33417480	33417695	1824	0,4,2	0,0,0	0,0,0	0,0,3	189	99	1	1.0	NA,1.0,1.0	NA,NA,0.0	1.0
1876	"ENSG00000125844.17"	"RRBP1"	chr20	-	17614736	17614880	17614739	17614880	17613677	17614220	1876	2,3,2	0,0,0	0,0,2	0,2,0	102	99	1	1.0	1.0,1.0,1.0	NA,0.0,1.0	0.5
1906	"ENSG00000079432.9"	"CIC"	chr19	+	42294172	42294304	42294172	42294298	42294603	42294735	1906	1,1,2	0,1,0	2,0,0	0,0,0	105	99	1	1.0	1.0,0.485,1.0	1.0,NA,NA	-0.172
1953	"ENSG00000111642.16"	"CHD4"	chr12	-	6573070	6573269	6573073	6573269	6570868	6571032	1953	0,2,0	0,4,6	0,0,0	0,0,4	102	99	1	1.0	NA,0.327,0.0	NA,NA,0.0	0.164
1955	"ENSG00000111642.16"	"CHD4"	chr12	-	6581037	6581173	6581043	6581173	6578845	6578917	1955	0,0,1	1,6,1	0,0,0	3,0,0	105	99	1	1.0	0.0,0.0,0.485	0.0,NA,NA	0.162
1957	"ENSG00000111642.16"	"CHD4"	chr12	-	6587660	6587949	6587711	6587949	6587383	6587559	1957	0,1,1	0,2,3	0,0,0	2,0,0	150	99	1	1.0	NA,0.248,0.18	0.0,NA,NA	0.214
1968	"ENSG00000080815.20"	"PSEN1"	chr14	+	73136450	73136583	73136450	73136579	73147794	73147876	1968	0,2,0	0,0,0	0,0,0	2,0,0	103	99	1	1.0	NA,1.0,NA	0.0,NA,NA	1.0
1980	"ENSG00000080815.20"	"PSEN1"	chr14	+	73211768	73211985	73211768	73211942	73217125	73217244	1980	0,1,0	0,0,2	0,0,0	0,0,2	142	99	1	1.0	NA,1.0,0.0	NA,NA,0.0	0.5
1995	"ENSG00000070756.17"	"PABPC1"	chr8	-	100715461	100715601	100715470	100715601	100713086	100713181	1995	11,10,39	0,0,1	4,2,5	0,0,0	108	99	1	1.0	1.0,1.0,0.973	1.0,1.0,1.0	-0.009
2014	"ENSG00000244005.13"	"NFS1"	chr20	-	35699191	35699352	35699309	35699352	35698480	35698590	2014	0,0,0	0,1,0	1,0,0	0,0,0	198	99	1	1.0	NA,0.0,NA	1.0,NA,NA	-1.0
2038	"ENSG00000168002.12"	"POLR2G"	chr11	+	62761794	62762184	62761794	62761904	62762866	62763026	2038	0,1,0	0,0,2	0,0,0	1,0,1	198	99	1	1.0	NA,1.0,0.0	0.0,NA,0.0	0.5
2039	"ENSG00000214655.11"	"ZSWIM8"	chr10	+	73793587	73793719	73793587	73793698	73793864	73794044	2039	1,4,6	0,0,1	0,0,2	0,0,0	120	99	1	1.0	1.0,1.0,0.832	NA,NA,1.0	-0.056
2041	"ENSG00000214655.11"	"ZSWIM8"	chr10	+	73800010	73800194	73800010	73800170	73800295	73800472	2041	0,1,2	1,1,3	0,0,0	2,0,0	123	99	1	1.0	0.0,0.446,0.349	0.0,NA,NA	0.265
2044	"ENSG00000145741.17"	"BTF3"	chr5	+	73498441	73498799	73498441	73498558	73499133	73499202	2044	0,0,0	0,4,11	1,0,0	8,4,5	198	99	1	1.0	NA,0.0,0.0	0.059,0.0,0.0	-0.02
2049	"ENSG00000124782.21"	"RREB1"	chr6	+	7181123	7182082	7181123	7181246	7187433	7187523	2049	3,7,14	0,1,1	1,0,0	0,0,0	198	99	1	1.0	1.0,0.778,0.875	1.0,NA,NA	-0.116
2085	"ENSG00000132676.16"	"DAP3"	chr1	+	155689090	155689243	155689090	155689174	155709772	155709824	2085	0,0,0	0,0,2	2,0,0	0,0,2	168	99	1	1.0	NA,NA,0.0	1.0,NA,0.0	-0.5
2094	"ENSG00000163938.17"	"GNL3"	chr3	+	52688108	52688206	52688108	52688192	52689073	52689206	2094	0,0,3	0,2,1	0,0,0	2,0,0	113	99	1	1.0	NA,0.0,0.724	0.0,NA,NA	0.362
2098	"ENSG00000086189.11"	"DIMT1"	chr5	-	62398428	62398560	62398510	62398560	62394483	62394607	2098	0,0,1	0,0,0	0,0,1	0,0,3	181	99	1	1.0	NA,NA,1.0	NA,NA,0.154	0.846
2100	"ENSG00000086189.11"	"DIMT1"	chr5	-	62403667	62403902	62403693	62403902	62403272	62403346	2100	0,0,1	0,2,4	0,0,0	1,1,1	125	99	1	1.0	NA,0.0,0.165	0.0,0.0,0.0	0.083
2119	"ENSG00000137106.18"	"GRHPR"	chr9	+	37422695	37422833	37422695	37422805	37424844	37424975	2119	0,0,2	0,0,1	2,2,2	0,0,0	127	99	1	1.0	NA,NA,0.609	1.0,1.0,1.0	-0.391
2146	"ENSG00000225138.8"	"SLC9A3-AS1"	chr5	+	477243	477465	477243	477336	477805	477849	2146	0,0,3	0,0,0	0,1,0	0,0,2	198	99	1	1.0	NA,NA,1.0	NA,1.0,0.0	0.5
2171	"ENSG00000090621.15"	"PABPC4"	chr1	-	39564422	39564542	39564470	39564542	39562322	39563922	2171	0,0,0	0,1,0	2,0,3	0,1,6	147	99	1	1.0	NA,0.0,NA	1.0,0.0,0.252	-0.417
2174	"ENSG00000090621.15"	"PABPC4"	chr1	-	39571096	39571349	39571233	39571349	39569862	39570002	2174	4,0,2	0,0,3	0,0,0	1,0,2	198	99	1	1.0	1.0,NA,0.25	0.0,NA,0.0	0.625
2178	"ENSG00000151503.14"	"NCAPD3"	chr11	-	134153708	134157095	134157017	134157095	134153288	134153363	2178	0,0,1	0,0,0	0,0,0	1,2,0	198	99	1	1.0	NA,NA,1.0	0.0,0.0,NA	1.0
2179	"ENSG00000151503.14"	"NCAPD3"	chr11	-	134156751	134157095	134157017	134157095	134153288	134153363	2179	0,0,1	0,0,0	0,0,0	1,2,0	198	99	1	1.0	NA,NA,1.0	0.0,0.0,NA	1.0
2181	"ENSG00000127463.16"	"EMC1"	chr1	-	19243949	19245030	19244905	19245030	19243613	19243707	2181	2,2,0	0,0,0	0,1,0	0,2,0	198	99	1	1.0	1.0,1.0,NA	NA,0.2,NA	0.8
2289	"ENSG00000112695.13"	"COX7A2"	chr6	-	75241122	75241265	75241175	75241265	75240300	75240385	2289	0,0,0	0,1,3	2,0,0	0,0,4	152	99	1	1.0	NA,0.0,0.0	1.0,NA,0.0	-0.5
2295	"ENSG00000197912.16"	"SPG7"	chr16	+	89528631	89529579	89528631	89529524	89530682	89530808	2295	0,0,1	0,0,1	0,2,3	0,0,0	154	99	1	1.0	NA,NA,0.391	NA,1.0,1.0	-0.609
2350	"ENSG00000119314.16"	"PTBP3"	chr9	-	112297831	112297916	112297840	112297916	112275843	112276013	2350	0,2,3	0,1,1	0,0,1	0,0,0	108	99	1	1.0	NA,0.647,0.733	NA,NA,1.0	-0.31
2369	"ENSG00000146701.12"	"MDH2"	chr7	+	76048160	76048522	76048160	76048226	76054829	76054998	2369	0,0,0	4,1,2	0,0,3	2,0,2	198	99	1	1.0	0.0,0.0,0.0	0.0,NA,0.429	-0.214
2370	"ENSG00000196730.13"	"DAPK1"	chr9	+	87497680	87498107	87497680	87497772	87498969	87499139	2370	0,0,0	0,1,0	0,0,1	0,0,0	198	99	1	1.0	NA,0.0,NA	NA,NA,1.0	-1.0
2387	"ENSG00000127184.13"	"COX7C"	chr5	+	86617940	86618130	86617940	86618053	86619352	86619496	2387	2,5,1	0,0,2	2,2,3	0,0,0	176	99	0.459744774465	1.0	1.0,1.0,0.22	1.0,1.0,1.0	-0.26
2407	"ENSG00000140416.25"	"TPM1"	chr15	+	63043705	63044152	63043705	63043831	63056984	63057118	2407	5,0,10	0,1,1	12,11,20	0,0,2	198	99	1	1.0	1.0,0.0,0.833	1.0,1.0,0.833	-0.333
2421	"ENSG00000070010.19"	"UFD1"	chr22	-	19475469	19475602	19475495	19475602	19475067	19475100	2421	0,0,1	2,0,0	0,0,1	0,0,0	125	99	1	1.0	0.0,NA,1.0	NA,NA,1.0	-0.5
2426	"ENSG00000040933.16"	"INPP4A"	chr2	+	98555552	98555808	98555552	98555691	98559462	98559495	2426	3,11,22	0,0,2	1,0,0	0,0,0	198	99	1	1.0	1.0,1.0,0.846	1.0,NA,NA	-0.051
2427	"ENSG00000040933.16"	"INPP4A"	chr2	+	98568570	98568689	98568570	98568668	98572814	98572927	2427	0,0,1	2,4,8	0,0,0	1,0,0	120	99	1	1.0	0.0,0.0,0.093	0.0,NA,NA	0.031
2435	"ENSG00000072682.20"	"P4HA2"	chr5	-	132226696	132227221	132226931	132227221	132218544	132218644	2435	0,1,0	0,0,0	0,0,0	2,0,0	198	99	1	1.0	NA,1.0,NA	0.0,NA,NA	1.0
2487	"ENSG00000175866.16"	"BAIAP2"	chr17	+	81053667	81053791	81053667	81053743	81057880	81057967	2487	0,2,0	1,6,14	0,0,0	0,0,1	147	99	1	1.0	0.0,0.183,0.0	NA,NA,0.0	0.061
2488	"ENSG00000175866.16"	"BAIAP2"	chr17	+	81085653	81085725	81085653	81085715	81086442	81086580	2488	1,4,19	0,2,1	2,0,2	0,0,0	109	99	1	1.0	1.0,0.645,0.945	1.0,NA,1.0	-0.137
2489	"ENSG00000131143.10"	"COX4I1"	chr16	+	85804936	85805153	85804936	85805104	85805732	85805864	2489	2,0,0	0,0,3	0,2,0	5,0,1	148	99	1	1.0	1.0,NA,0.0	0.0,1.0,0.0	0.167
2494	"ENSG00000173120.15"	"KDM2A"	chr11	+	67250085	67250798	67250085	67250346	67252693	67252857	2494	1,1,7	0,1,0	1,0,1	0,0,0	198	99	1	1.0	1.0,0.333,1.0	1.0,NA,1.0	-0.222
2513	"ENSG00000072274.14"	"TFRC"	chr3	-	196054295	196055301	196055079	196055301	196053417	196053558	2513	0,0,1	5,1,5	0,0,0	0,1,0	198	99	1	1.0	0.0,0.0,0.091	NA,0.0,NA	0.03
2535	"ENSG00000090615.16"	"GOLGA3"	chr12	-	132775065	132775305	132775140	132775305	132774156	132774320	2535	0,0,0	1,5,8	0,0,1	0,0,0	174	99	1	1.0	0.0,0.0,0.0	NA,NA,1.0	-1.0
2542	"ENSG00000090615.16"	"GOLGA3"	chr12	-	132786688	132786787	132786692	132786787	132786338	132786555	2542	0,1,0	0,2,1	0,0,0	0,0,1	103	99	1	1.0	NA,0.325,0.0	NA,NA,0.0	0.163
2546	"ENSG00000090615.16"	"GOLGA3"	chr12	-	132816539	132816812	132816659	132816812	132812947	132813419	2546	0,0,2	2,4,7	0,0,0	0,0,1	198	99	1	1.0	0.0,0.0,0.125	NA,NA,0.0	0.042
2572	"ENSG00000145191.15"	"EIF2B5"	chr3	+	184135384	184135748	184135384	184135580	184136611	184136736	2572	0,0,1	0,2,0	0,0,0	0,2,0	198	99	1	1.0	NA,0.0,1.0	NA,0.0,NA	0.5
2589	"ENSG00000058063.16"	"ATP11B"	chr3	+	182880878	182880981	182880878	182880947	182884752	182884898	2589	0,1,0	0,0,1	0,0,2	0,0,0	133	99	1	1.0	NA,1.0,0.0	NA,NA,1.0	-0.5
2649	"ENSG00000163660.12"	"CCNL1"	chr3	-	157156935	157157083	157157010	157157083	157153035	157153156	2649	0,1,6	1,0,4	0,0,0	0,1,2	174	99	1	1.0	0.0,1.0,0.46	NA,0.0,0.0	0.487
2651	"ENSG00000133706.20"	"LARS1"	chr5	-	146142855	146143084	146142871	146143084	146140203	146140261	2651	0,1,1	0,0,1	0,0,0	1,0,0	115	99	1	1.0	NA,1.0,0.463	0.0,NA,NA	0.732
2688	"ENSG00000163755.9"	"HPS3"	chr3	+	149129637	149130453	149129637	149129940	149140003	149140498	2688	0,1,0	0,0,0	0,0,0	0,1,0	198	99	1	1.0	NA,1.0,NA	NA,0.0,NA	1.0
2692	"ENSG00000126456.16"	"IRF3"	chr19	-	49665483	49665857	49665630	49665857	49664673	49664846	2692	0,1,0	0,0,0	0,0,2	0,0,1	198	99	1	1.0	NA,1.0,NA	NA,NA,0.5	0.5
2699	"ENSG00000156983.17"	"BRPF1"	chr3	+	9744223	9744541	9744223	9744508	9745007	9745155	2699	2,0,2	0,1,2	0,0,0	0,0,2	132	99	1	1.0	1.0,0.0,0.429	NA,NA,0.0	0.476
2732	"ENSG00000094914.14"	"AAAS"	chr12	-	53321342	53321610	53321470	53321610	53320564	53320692	2732	0,0,1	0,0,0	1,2,0	0,0,2	198	99	1	1.0	NA,NA,1.0	1.0,1.0,0.0	0.333
2754	"ENSG00000177646.20"	"ACAD9"	chr3	+	128879622	128880017	128879622	128879841	128884652	128884746	2754	0,1,2	0,0,1	0,0,0	0,2,0	198	99	1	1.0	NA,1.0,0.5	NA,0.0,NA	0.75
2755	"ENSG00000177646.20"	"ACAD9"	chr3	+	128902552	128902632	128902552	128902628	128904061	128904132	2755	0,4,0	0,0,2	0,0,0	5,0,0	103	99	1	1.0	NA,1.0,0.0	0.0,NA,NA	0.5
2761	"ENSG00000087274.19"	"ADD1"	chr4	+	2904763	2905108	2904763	2905015	2907742	2907844	2761	0,2,6	1,0,6	0,0,1	0,0,1	192	99	1	1.0	0.0,1.0,0.34	NA,NA,0.34	0.107
2763	"ENSG00000058262.11"	"SEC61A1"	chr3	+	128064876	128065884	128064876	128065037	128066953	128067151	2763	0,0,1	0,0,0	0,0,0	2,0,0	198	99	1	1.0	NA,NA,1.0	0.0,NA,NA	1.0
2786	"ENSG00000173230.17"	"GOLGB1"	chr3	-	121669196	121669355	121669211	121669355	121668060	121668158	2786	1,0,5	3,0,2	0,0,0	0,0,2	114	99	1	1.0	0.224,NA,0.685	NA,NA,0.0	0.455
2803	"ENSG00000150093.20"	"ITGB1"	chr10	-	32932505	32932600	32932514	32932600	32929821	32930044	2803	0,0,0	0,1,4	0,2,0	3,12,1	108	99	1	1.0	NA,0.0,0.0	0.0,0.133,0.0	-0.044
2911	"ENSG00000258388.7"	"PPT2-EGFL8"	chr6	+	32164578	32164681	32164578	32164657	32166137	32166620	2911	0,1,1	0,2,0	0,0,1	0,0,0	123	99	1	1.0	NA,0.287,1.0	NA,NA,1.0	-0.357
2915	"ENSG00000196562.16"	"SULF2"	chr20	-	47666087	47666488	47666259	47666488	47665856	47665953	2915	0,0,3	2,13,12	0,0,0	0,0,1	198	99	1	1.0	0.0,0.0,0.111	NA,NA,0.0	0.037
3010	"ENSG00000115415.21"	"STAT1"	chr2	-	190975309	190975887	190975811	190975887	190974829	190974932	3010	0,0,2	0,0,6	0,0,0	0,0,4	198	99	1	1.0	NA,NA,0.143	NA,NA,0.0	0.143
3020	"ENSG00000115760.16"	"BIRC6"	chr2	+	32463193	32463381	32463193	32463282	32464508	32464823	3020	1,3,10	0,0,1	1,0,2	0,0,0	198	99	1	1.0	1.0,1.0,0.833	1.0,NA,1.0	-0.056
3024	"ENSG00000168028.15"	"RPSA"	chr3	+	39407620	39407821	39407620	39407786	39408605	39408724	3024	0,1,0	0,1,1	0,0,0	4,4,3	134	99	1	1.0	NA,0.425,0.0	0.0,0.0,0.0	0.212
3071	"ENSG00000136450.13"	"SRSF1"	chr17	-	58006906	58007261	58006943	58007261	58006342	58006527	3071	0,0,0	0,4,1	0,0,2	0,0,3	136	99	1	1.0	NA,0.0,0.0	NA,NA,0.327	-0.327
3074	"ENSG00000134910.14"	"STT3A"	chr11	+	125608108	125608289	125608108	125608243	125609433	125609589	3074	0,0,0	0,0,1	5,0,0	0,0,0	145	99	1	1.0	NA,NA,0.0	1.0,NA,NA	-1.0
3076	"ENSG00000019582.17"	"CD74"	chr5	-	150403120	150404767	150404679	150404767	150402562	150402625	3076	0,0,12	14,18,86	0,0,0	5,0,2	198	99	1	1.0	0.0,0.0,0.065	0.0,NA,0.0	0.022
3083	"ENSG00000126214.22"	"KLC1"	chr14	+	103662701	103662927	103662701	103662921	103669510	103669598	3083	0,7,8	1,0,0	1,0,0	0,0,0	105	99	1	1.0	0.0,1.0,1.0	1.0,NA,NA	-0.333
3091	"ENSG00000070423.18"	"RNF126"	chr19	-	651610	651855	651691	651855	650233	650296	3091	0,0,1	0,0,1	3,0,0	0,0,0	180	99	1	1.0	NA,NA,0.355	1.0,NA,NA	-0.645
3092	"ENSG00000198925.12"	"ATG9A"	chr2	-	219223868	219224022	219223927	219224022	219223584	219223764	3092	0,1,2	0,4,2	0,2,1	0,0,0	158	99	1	1.0	NA,0.135,0.385	NA,1.0,1.0	-0.74
3095	"ENSG00000131368.9"	"MRPS25"	chr3	-	15053290	15053467	15053379	15053467	15047504	15052633	3095	0,0,2	0,1,0	0,0,0	1,0,0	188	99	1	1.0	NA,0.0,1.0	0.0,NA,NA	0.5
3130	"ENSG00000100483.14"	"VCPKMT"	chr14	-	50116068	50116179	50116079	50116179	50115838	50115911	3130	1,0,0	0,3,0	1,0,0	0,0,0	110	99	1	1.0	1.0,0.0,NA	1.0,NA,NA	-0.5
3165	"ENSG00000020129.16"	"NCDN"	chr1	+	35558155	35558484	35558155	35558223	35559106	35559247	3165	0,0,1	0,0,0	0,0,0	0,1,0	198	99	1	1.0	NA,NA,1.0	NA,0.0,NA	1.0
3167	"ENSG00000035115.22"	"SH3YL1"	chr2	-	230546	231191	231022	231191	229965	230044	3167	0,0,1	0,0,1	0,0,0	0,0,1	198	99	1	1.0	NA,NA,0.333	NA,NA,0.0	0.333
3202	"ENSG00000135241.17"	"PNPLA8"	chr7	-	108487758	108487953	108487944	108487953	108479183	108479379	3202	0,0,2	1,0,0	0,0,2	0,0,0	198	99	1	1.0	0.0,NA,1.0	NA,NA,1.0	-0.5
3228	"ENSG00000089053.13"	"ANAPC5"	chr12	-	121331226	121331428	121331346	121331428	121330582	121330672	3228	0,0,3	0,1,1	0,0,0	2,0,2	198	99	1	1.0	NA,0.0,0.6	0.0,NA,0.0	0.3
3267	"ENSG00000117054.15"	"ACADM"	chr1	+	75750450	75750891	75750450	75750546	75761121	75761370	3267	0,0,2	1,1,1	0,0,0	0,0,1	198	99	1	1.0	0.0,0.0,0.5	NA,NA,0.0	0.167
3277	"ENSG00000183011.14"	"NAA38"	chr17	-	7856984	7857198	7857014	7857198	7856684	7856843	3277	0,0,0	0,0,2	0,0,2	1,0,0	129	99	1	1.0	NA,NA,0.0	0.0,NA,1.0	-0.5
3286	"ENSG00000234741.10"	"GAS5"	chr1	-	173864483	173865547	173865509	173865547	173864256	173864304	3286	3,1,14	0,0,1	4,0,2	0,0,0	198	99	1	1.0	1.0,1.0,0.875	1.0,NA,1.0	-0.042
3287	"ENSG00000234741.10"	"GAS5"	chr1	-	173865470	173865547	173865509	173865547	173864256	173865282	3287	0,2,4	2,3,3	1,0,0	2,1,2	138	99	0.00204265629196	0.1881840601375583	0.0,0.324,0.489	0.264,0.0,0.0	0.183
3295	"ENSG00000117523.18"	"PRRC2C"	chr1	+	171584418	171584541	171584418	171584526	171587002	171587221	3295	0,4,1	0,0,4	0,1,0	0,0,0	114	99	1	1.0	NA,1.0,0.178	NA,1.0,NA	-0.411
3339	"ENSG00000145907.16"	"G3BP1"	chr5	+	151803884	151804141	151803884	151803996	151804405	151812785	3339	0,0,1	0,0,0	0,0,0	0,2,0	198	99	1	1.0	NA,NA,1.0	NA,0.0,NA	1.0
3340	"ENSG00000145907.16"	"G3BP1"	chr5	+	151803884	151804162	151803884	151803996	151804405	151812785	3340	0,0,1	0,0,0	0,0,0	0,2,0	198	99	1	1.0	NA,NA,1.0	NA,0.0,NA	1.0
3383	"ENSG00000111678.11"	"C12orf57"	chr12	+	6944475	6944652	6944475	6944565	6945770	6946002	3383	3,3,1	0,0,0	1,1,3	2,0,2	186	99	0.00248154804577	0.1881840601375583	1.0,1.0,1.0	0.21,1.0,0.444	0.449
3405	"ENSG00000085511.20"	"MAP3K4"	chr6	+	161093772	161093851	161093772	161093839	161097079	161097176	3405	0,1,2	1,0,0	0,0,0	0,0,1	111	99	1	1.0	0.0,1.0,1.0	NA,NA,0.0	0.667
3424	"ENSG00000196498.15"	"NCOR2"	chr12	-	124327408	124327633	124327546	124327633	124326190	124326370	3424	0,0,0	0,2,1	0,0,3	0,0,0	198	99	1	1.0	NA,0.0,0.0	NA,NA,1.0	-1.0
3438	"ENSG00000244754.9"	"N4BP2L2"	chr13	-	32538617	32538825	32538682	32538825	32533544	32537027	3438	0,2,12	0,0,2	2,0,0	0,0,0	164	99	1	1.0	NA,1.0,0.784	1.0,NA,NA	-0.108
3458	"ENSG00000146457.16"	"WTAP"	chr6	+	159748190	159750010	159748190	159748369	159753459	159753614	3458	1,0,5	0,0,2	2,0,2	0,0,0	198	99	1	1.0	1.0,NA,0.556	1.0,NA,1.0	-0.222
3500	"ENSG00000138834.15"	"MAPK8IP3"	chr16	+	1729137	1729301	1729137	1729208	1729486	1729578	3500	0,1,0	5,6,7	0,0,0	0,0,1	192	99	1	1.0	0.0,0.079,0.0	NA,NA,0.0	0.026
3501	"ENSG00000138834.15"	"MAPK8IP3"	chr16	+	1761223	1761305	1761223	1761278	1762350	1762481	3501	1,3,7	0,1,1	0,2,3	0,0,0	126	99	1	1.0	1.0,0.702,0.846	NA,1.0,1.0	-0.151
3528	"ENSG00000186891.14"	"TNFRSF18"	chr1	-	1204033	1204236	1204054	1204236	1203843	1203968	3528	0,3,1	0,0,0	0,0,0	0,0,2	120	99	1	1.0	NA,1.0,1.0	NA,NA,0.0	1.0
3543	"ENSG00000117335.21"	"CD46"	chr1	+	207767012	207767823	207767012	207767195	207770320	207770362	3543	1,0,0	0,0,0	0,0,0	2,0,0	198	99	1	1.0	1.0,NA,NA	0.0,NA,NA	1.0
3544	"ENSG00000117335.21"	"CD46"	chr1	+	207767012	207768772	207767012	207767195	207770320	207770362	3544	1,0,0	0,0,0	0,0,0	2,0,0	198	99	1	1.0	1.0,NA,NA	0.0,NA,NA	1.0
3619	"ENSG00000141349.10"	"G6PC3"	chr17	+	44070729	44071242	44070729	44071183	44074159	44074266	3619	0,0,2	0,0,0	0,0,0	0,0,1	158	99	1	1.0	NA,NA,1.0	NA,NA,0.0	1.0
3633	"ENSG00000198755.11"	"RPL10A"	chr6	+	35468946	35469285	35468946	35469027	35469380	35469529	3633	0,2,1	5,3,6	0,0,1	4,7,12	198	99	0.816713475424	1.0	0.0,0.25,0.077	0.0,0.0,0.04	0.096
3640	"ENSG00000112159.13"	"MDN1"	chr6	-	89653852	89654334	89654163	89654334	89652991	89653155	3640	0,0,1	1,4,8	0,0,0	1,0,0	198	99	1	1.0	0.0,0.0,0.059	0.0,NA,NA	0.02
3654	"ENSG00000119688.21"	"ABCD4"	chr14	-	74288659	74288765	74288715	74288765	74288206	74288259	3654	0,0,2	0,1,0	0,0,0	0,0,2	155	99	1	1.0	NA,0.0,1.0	NA,NA,0.0	0.5
3655	"ENSG00000119688.21"	"ABCD4"	chr14	-	74297638	74298069	74297929	74298069	74296332	74296449	3655	0,0,0	0,0,1	0,0,2	3,0,0	198	99	1	1.0	NA,NA,0.0	0.0,NA,1.0	-0.5
3659	"ENSG00000063244.14"	"U2AF2"	chr19	+	55669082	55669181	55669082	55669169	55669443	55669692	3659	0,6,0	2,2,5	0,0,0	0,2,0	111	99	1	1.0	0.0,0.728,0.0	NA,0.0,NA	0.243
3665	"ENSG00000173226.17"	"IQCB1"	chr3	-	121834248	121834479	121834390	121834479	121828860	121828972	3665	0,1,2	0,5,3	0,0,0	0,0,1	198	99	1	1.0	NA,0.091,0.25	NA,NA,0.0	0.17
3673	"ENSG00000100796.18"	"PPP4R3A"	chr14	-	91475810	91475966	91475849	91475966	91473238	91473370	3673	1,0,1	0,0,0	0,0,0	0,0,1	138	99	1	1.0	1.0,NA,1.0	NA,NA,0.0	1.0
3695	"ENSG00000158864.13"	"NDUFS2"	chr1	+	161209482	161209931	161209482	161209595	161210110	161210188	3695	0,2,4	0,0,0	1,0,0	2,0,0	198	99	1	1.0	NA,1.0,1.0	0.2,NA,NA	0.8
3712	"ENSG00000161999.13"	"JMJD8"	chr16	-	683860	684155	683909	684155	683684	683781	3712	0,2,0	0,0,0	0,0,0	0,2,0	148	99	1	1.0	NA,1.0,NA	NA,0.0,NA	1.0
3740	"ENSG00000164896.21"	"FASTK"	chr7	-	151078841	151079021	151078922	151079021	151078561	151078701	3740	0,5,0	0,2,1	1,0,2	0,0,0	180	99	1	1.0	NA,0.579,0.0	1.0,NA,1.0	-0.711
3762	"ENSG00000204842.18"	"ATXN2"	chr12	-	111519831	111520076	111519878	111520076	111518248	111518427	3762	0,0,1	0,0,0	0,0,0	0,0,2	146	99	1	1.0	NA,NA,1.0	NA,NA,0.0	1.0
3788	"ENSG00000133030.22"	"MPRIP"	chr17	+	17137915	17138429	17137915	17138075	17142626	17142765	3788	0,1,4	0,1,0	0,1,0	0,0,0	198	99	1	1.0	NA,0.333,1.0	NA,1.0,NA	-0.334
3853	"ENSG00000043514.17"	"TRIT1"	chr1	-	39850118	39850261	39850122	39850261	39847985	39848097	3853	0,0,0	0,0,1	0,0,1	0,0,0	103	99	1	1.0	NA,NA,0.0	NA,NA,1.0	-1.0
3873	"ENSG00000177239.16"	"MAN1B1"	chr9	+	137088074	137088398	137088074	137088183	137088868	137089005	3873	0,3,0	0,4,0	0,0,0	1,1,4	198	99	1	1.0	NA,0.273,NA	0.0,0.0,0.0	0.273
3888	"ENSG00000198830.12"	"HMGN2"	chr1	+	26473482	26473585	26473482	26473527	26473702	26473732	3888	0,0,1	1,2,5	0,0,0	2,1,3	157	99	1	1.0	0.0,0.0,0.112	0.0,0.0,0.0	0.037
3889	"ENSG00000198830.12"	"HMGN2"	chr1	+	26473702	26473817	26473702	26473732	26474084	26474135	3889	0,0,3	1,2,0	0,0,0	2,1,3	184	99	0.172248901649	1.0	0.0,0.0,1.0	0.0,0.0,0.0	0.333
3892	"ENSG00000138073.14"	"PREB"	chr2	-	27133116	27133721	27133531	27133721	27132842	27132923	3892	0,4,3	0,0,1	0,0,1	0,0,0	198	99	1	1.0	NA,1.0,0.6	NA,NA,1.0	-0.2
3941	"ENSG00000166337.11"	"TAF10"	chr11	-	6611534	6611818	6611663	6611818	6611387	6611452	3941	0,2,0	0,1,3	0,0,0	1,0,1	198	99	1	1.0	NA,0.5,0.0	0.0,NA,0.0	0.25
3965	"ENSG00000026751.17"	"SLAMF7"	chr1	+	160749820	160750132	160749820	160750093	160750303	160750423	3965	0,1,0	0,6,11	0,0,0	1,0,0	138	99	1	1.0	NA,0.107,0.0	0.0,NA,NA	0.053
3991	"ENSG00000137409.21"	"MTCH1"	chr6	-	36972651	36972796	36972702	36972796	36970646	36970694	3991	0,2,4	0,2,1	0,2,2	2,1,1	150	99	1	1.0	NA,0.398,0.725	0.0,0.569,0.569	0.182
3994	"ENSG00000137409.21"	"MTCH1"	chr6	-	36985806	36986173	36985852	36986173	36981587	36981672	3994	0,0,0	0,1,4	0,2,0	1,1,0	145	99	1	1.0	NA,0.0,0.0	0.0,0.577,NA	-0.288
4033	"ENSG00000042445.14"	"RETSAT"	chr2	-	85345512	85346094	85345974	85346094	85344593	85344732	4033	0,0,1	0,0,1	0,0,0	0,2,0	198	99	1	1.0	NA,NA,0.333	NA,0.0,NA	0.333
4130	"ENSG00000059145.19"	"UNKL"	chr16	-	1369933	1370357	1370129	1370357	1367655	1367858	4130	0,1,0	0,0,0	0,0,0	1,0,0	198	99	1	1.0	NA,1.0,NA	0.0,NA,NA	1.0
4154	"ENSG00000293434.1"	"AHSA2P"	chr2	+	61184711	61184924	61184711	61184800	61185501	61185618	4154	0,0,2	2,2,7	0,0,0	0,0,2	198	99	1	1.0	0.0,0.0,0.125	NA,NA,0.0	0.042
4158	"ENSG00000241468.8"	"ATP5MF"	chr7	-	99466110	99466167	99466128	99466167	99460085	99460193	4158	2,0,0	0,2,0	3,0,3	2,4,2	117	99	1	1.0	1.0,0.0,NA	0.559,0.0,0.559	0.127
4159	"ENSG00000099956.20"	"SMARCB1"	chr22	+	23791755	23791894	23791755	23791867	23793558	23793688	4159	0,0,0	0,0,1	1,0,0	0,0,1	126	99	1	1.0	NA,NA,0.0	1.0,NA,0.0	-0.5
4161	"ENSG00000099956.20"	"SMARCB1"	chr22	+	23800943	23801964	23800943	23801081	23803294	23803422	4161	0,0,2	2,0,6	0,0,0	0,0,3	198	99	1	1.0	0.0,NA,0.143	NA,NA,0.0	0.071
4182	"ENSG00000197386.14"	"HTT"	chr4	+	3172907	3173218	3172907	3173131	3174720	3174799	4182	0,0,1	1,2,5	0,0,0	0,1,0	186	99	1	1.0	0.0,0.0,0.096	NA,0.0,NA	0.032
4183	"ENSG00000197386.14"	"HTT"	chr4	+	3172907	3173331	3172907	3173131	3174720	3174799	4183	0,0,1	1,2,5	0,0,0	0,1,0	198	99	1	1.0	0.0,0.0,0.091	NA,0.0,NA	0.03
4187	"ENSG00000143569.20"	"UBAP2L"	chr1	+	154234590	154234792	154234590	154234759	154235195	154235291	4187	0,0,2	1,2,2	0,0,0	2,0,2	132	99	1	1.0	0.0,0.0,0.429	0.0,NA,0.0	0.143
4193	"ENSG00000136068.16"	"FLNB"	chr3	+	58141857	58141929	58141857	58141896	58142649	58142752	4193	2,1,0	0,2,0	1,0,1	0,0,0	132	99	1	1.0	1.0,0.273,NA	1.0,NA,1.0	-0.363
4202	"ENSG00000126709.16"	"IFI6"	chr1	-	27669220	27669346	27669244	27669346	27668457	27668535	4202	1,0,0	0,1,0	0,0,0	0,2,0	123	99	1	1.0	1.0,0.0,NA	NA,0.0,NA	0.5
4203	"ENSG00000126709.16"	"IFI6"	chr1	-	27669232	27669346	27669244	27669346	27668457	27668535	4203	1,0,0	0,1,0	0,0,0	0,2,0	111	99	1	1.0	1.0,0.0,NA	NA,0.0,NA	0.5
4216	"ENSG00000182923.20"	"CEP63"	chr3	+	134495295	134495364	134495295	134495360	134507108	134507286	4216	0,0,1	0,0,1	0,0,2	0,0,0	103	99	1	1.0	NA,NA,0.49	NA,NA,1.0	-0.51
4231	"ENSG00000198793.14"	"MTOR"	chr1	-	11121094	11121368	11121245	11121368	11117003	11117086	4231	0,0,0	0,3,0	0,0,2	0,0,0	198	99	1	1.0	NA,0.0,NA	NA,NA,1.0	-1.0
4235	"ENSG00000163565.20"	"IFI16"	chr1	+	159051678	159053724	159051678	159052098	159054820	159055151	4235	0,1,0	0,0,1	2,0,0	0,0,0	198	99	1	1.0	NA,1.0,0.0	1.0,NA,NA	-0.5
4240	"ENSG00000100243.22"	"CYB5R3"	chr22	-	42636584	42636846	42636714	42636846	42631377	42631450	4240	0,0,0	2,5,3	0,2,0	1,0,5	198	99	0.412318108164	1.0	0.0,0.0,0.0	0.0,1.0,0.0	-0.333
4289	"ENSG00000143578.16"	"CREB3L4"	chr1	+	153968521	153968699	153968521	153968639	153968929	153969176	4289	0,1,3	0,0,0	0,0,0	0,0,1	159	99	1	1.0	NA,1.0,1.0	NA,NA,0.0	1.0
4308	"ENSG00000197989.15"	"SNHG12"	chr1	-	28580424	28580646	28580559	28580646	28579911	28579981	4308	1,1,2	0,0,1	0,0,2	0,0,2	198	99	1	1.0	1.0,1.0,0.5	NA,NA,0.333	0.5
4309	"ENSG00000197989.15"	"SNHG12"	chr1	-	28581093	28581229	28581110	28581229	28580559	28580646	4309	0,0,1	1,0,1	0,0,0	0,0,2	116	99	1	1.0	0.0,NA,0.46	NA,NA,0.0	0.23
4320	"ENSG00000145868.17"	"FBXO38"	chr5	+	148427212	148427947	148427212	148427722	148433423	148433524	4320	0,0,1	0,0,1	0,0,1	0,0,0	198	99	1	1.0	NA,NA,0.333	NA,NA,1.0	-0.667
4324	"ENSG00000134644.16"	"PUM1"	chr1	-	30950126	30950261	30950132	30950261	30945345	30945483	4324	0,0,1	0,0,0	0,0,0	2,0,0	105	99	1	1.0	NA,NA,1.0	0.0,NA,NA	1.0
4325	"ENSG00000134644.16"	"PUM1"	chr1	-	30968296	30968492	30968353	30968492	30967166	30967310	4325	0,0,2	0,2,0	0,2,0	0,0,0	156	99	1	1.0	NA,0.0,1.0	NA,1.0,NA	-0.5
4344	"ENSG00000198218.12"	"QRICH1"	chr3	-	49032898	49033228	49033119	49033228	49032621	49032773	4344	0,0,2	0,0,0	0,0,0	0,0,1	198	99	1	1.0	NA,NA,1.0	NA,NA,0.0	1.0
4375	"ENSG00000127022.16"	"CANX"	chr5	+	179705678	179705862	179705678	179705852	179706257	179706331	4375	0,0,1	1,6,5	0,0,0	0,3,4	109	99	1	1.0	0.0,0.0,0.154	NA,0.0,0.0	0.051
4397	"ENSG00000108883.13"	"EFTUD2"	chr17	-	44894244	44894525	44894416	44894525	44886584	44886750	4397	0,0,1	0,1,8	0,0,0	0,0,1	198	99	1	1.0	NA,0.0,0.059	NA,NA,0.0	0.029
4428	"ENSG00000084764.12"	"MAPRE3"	chr2	+	27024095	27024297	27024095	27024252	27025582	27025737	4428	0,0,2	0,0,0	0,0,0	0,1,0	144	99	1	1.0	NA,NA,1.0	NA,0.0,NA	1.0
4436	"ENSG00000130414.13"	"NDUFA10"	chr2	-	240012331	240014860	240014738	240014860	240011616	240011696	4436	0,0,2	0,0,0	0,0,0	0,0,1	198	99	1	1.0	NA,NA,1.0	NA,NA,0.0	1.0
4507	"ENSG00000079277.22"	"MKNK1"	chr1	-	46604184	46604294	46604226	46604294	46594112	46594280	4507	0,0,1	0,0,2	0,0,1	0,0,0	141	99	1	1.0	NA,NA,0.26	NA,NA,1.0	-0.74
4553	"ENSG00000206573.11"	"THUMPD3-AS1"	chr3	-	9391426	9391826	9391678	9391826	9388873	9390497	4553	0,0,3	0,0,0	0,0,0	0,0,1	198	99	1	1.0	NA,NA,1.0	NA,NA,0.0	1.0
4555	"ENSG00000206573.11"	"THUMPD3-AS1"	chr3	-	9390884	9391826	9391678	9391826	9390289	9390497	4555	0,0,3	0,0,0	0,0,0	0,0,1	198	99	1	1.0	NA,NA,1.0	NA,NA,0.0	1.0
4559	"ENSG00000089327.15"	"FXYD5"	chr19	+	35157420	35157617	35157420	35157501	35158343	35158400	4559	0,1,0	2,5,3	0,0,0	1,1,0	198	99	1	1.0	0.0,0.091,0.0	0.0,0.0,NA	0.03
4564	"ENSG00000143390.18"	"RFX5"	chr1	-	151346204	151346333	151346214	151346333	151345927	151345961	4564	2,3,3	0,1,0	0,0,2	0,0,0	109	99	1	1.0	1.0,0.732,1.0	NA,NA,1.0	-0.089
4570	"ENSG00000143390.18"	"RFX5"	chr1	-	151346481	151346606	151346488	151346606	151346204	151346333	4570	0,1,0	1,4,3	0,0,0	2,0,0	106	99	1	1.0	0.0,0.189,0.0	0.0,NA,NA	0.063
4591	"ENSG00000175390.15"	"EIF3F"	chr11	+	7991780	7991971	7991780	7991851	7992083	7992163	4591	0,0,1	0,0,2	0,0,1	1,0,3	198	99	1	1.0	NA,NA,0.2	0.0,NA,0.143	0.129
4624	"ENSG00000104320.15"	"NBN"	chr8	-	89942788	89943366	89943252	89943366	89937025	89937075	4624	0,0,1	0,0,0	0,0,0	0,1,2	198	99	1	1.0	NA,NA,1.0	NA,0.0,0.0	1.0
4639	"ENSG00000163479.14"	"SSR2"	chr1	-	156018131	156018368	156018269	156018368	156014960	156015069	4639	0,0,1	4,0,1	0,0,0	5,0,0	198	99	1	1.0	0.0,NA,0.333	0.0,NA,NA	0.167
4645	"ENSG00000111640.15"	"GAPDH"	chr12	+	6534809	6534991	6534809	6534861	6536493	6536593	4645	0,1,1	7,22,25	0,0,0	56,32,60	198	99	1	1.0	0.0,0.022,0.02	0.0,0.0,0.0	0.014
4646	"ENSG00000111640.15"	"GAPDH"	chr12	+	6536683	6536817	6536683	6536790	6536919	6537010	4646	0,0,0	3,6,18	0,1,0	21,9,23	126	99	1	1.0	0.0,0.0,0.0	0.0,0.08,0.0	-0.027
4647	"ENSG00000187147.19"	"RNF220"	chr1	+	44635544	44635666	44635544	44635588	44636029	44636162	4647	0,0,1	1,0,0	2,0,1	1,1,0	177	99	1	1.0	0.0,NA,1.0	0.528,0.0,1.0	-0.009
4670	"ENSG00000161203.14"	"AP2M1"	chr3	+	184181084	184181815	184181084	184181226	184181911	184182047	4670	4,3,1	0,0,2	0,0,2	0,0,0	198	99	1	1.0	1.0,1.0,0.2	NA,NA,1.0	-0.267
4712	"ENSG00000142937.12"	"RPS8"	chr1	+	44776674	44776774	44776674	44776714	44777613	44777789	4712	9,6,21	0,0,4	29,9,18	0,0,0	159	99	0.528314949446	1.0	1.0,1.0,0.766	1.0,1.0,1.0	-0.078
4719	"ENSG00000177410.13"	"ZFAS1"	chr20	+	49278641	49278738	49278641	49278716	49279103	49279208	4719	0,1,0	2,4,6	0,0,0	5,7,6	121	99	1	1.0	0.0,0.17,0.0	0.0,0.0,0.0	0.057
4725	"ENSG00000182718.18"	"ANXA2"	chr15	-	60360930	60361054	60360940	60361054	60357145	60357236	4725	0,0,0	0,4,2	1,0,0	3,0,14	109	99	1	1.0	NA,0.0,0.0	0.232,NA,0.0	-0.116
4741	"ENSG00000115274.15"	"INO80B"	chr2	+	74455817	74455950	74455817	74455936	74456102	74456272	4741	0,0,2	0,0,0	0,0,0	8,0,0	113	99	1	1.0	NA,NA,1.0	0.0,NA,NA	1.0
4752	"ENSG00000008128.23"	"CDK11A"	chr1	-	1707408	1707584	1707524	1707584	1705641	1705732	4752	0,2,3	1,2,0	0,2,0	0,0,0	198	99	1	1.0	0.0,0.333,1.0	NA,1.0,NA	-0.556
4772	"ENSG00000144029.14"	"MRPS5"	chr2	-	95108174	95108408	95108253	95108408	95106422	95106457	4772	0,2,5	2,0,0	0,0,2	0,0,0	178	99	1	1.0	0.0,1.0,1.0	NA,NA,1.0	-0.333
4777	"ENSG00000007923.17"	"DNAJC11"	chr1	-	6652828	6654039	6653910	6654039	6651528	6651602	4777	0,0,2	0,0,0	0,0,1	2,0,0	198	99	1	1.0	NA,NA,1.0	0.0,NA,1.0	0.5
4818	"ENSG00000110619.18"	"CARS1"	chr11	-	3001961	3002053	3001969	3002053	3000928	3001248	4818	1,3,0	0,1,2	0,2,0	0,2,1	107	99	1	1.0	1.0,0.735,0.0	NA,0.481,0.0	0.338
4868	"ENSG00000229117.9"	"RPL41"	chr12	+	56116774	56116829	56116774	56116799	56117188	56117211	4868	0,1,0	5,2,3	0,0,0	23,2,10	129	99	1	1.0	0.0,0.277,0.0	0.0,0.0,0.0	0.092
4869	"ENSG00000229117.9"	"RPL41"	chr12	+	56116774	56116930	56116774	56116799	56117188	56117211	4869	0,3,1	5,2,3	0,0,0	23,2,10	198	99	0.186827392927	1.0	0.0,0.429,0.143	0.0,0.0,0.0	0.191
4888	"ENSG00000142687.19"	"KIAA0319L"	chr1	-	35451523	35451776	35451627	35451776	35450357	35450509	4888	0,0,1	0,0,0	0,0,0	0,0,1	198	99	1	1.0	NA,NA,1.0	NA,NA,0.0	1.0
4901	"ENSG00000009790.15"	"TRAF3IP3"	chr1	+	209759981	209760384	209759981	209760324	209762514	209762662	4901	0,2,0	0,1,0	0,2,0	0,0,0	159	99	1	1.0	NA,0.555,NA	NA,1.0,NA	-0.445
4915	"ENSG00000187514.17"	"PTMA"	chr2	+	231711347	231711983	231711347	231711419	231712442	231712516	4915	11,13,31	0,0,1	20,2,23	1,0,0	198	99	1	1.0	1.0,1.0,0.939	0.909,1.0,1.0	0.01
4918	"ENSG00000136271.11"	"DDX56"	chr7	-	44572562	44572744	44572573	44572744	44572346	44572437	4918	0,0,6	2,0,2	0,0,0	0,1,1	110	99	1	1.0	0.0,NA,0.73	NA,0.0,0.0	0.365
4924	"ENSG00000165494.12"	"PCF11"	chr11	+	83167414	83167898	83167414	83167505	83168427	83169995	4924	1,0,4	0,1,2	2,0,0	0,0,1	198	99	1	1.0	1.0,0.0,0.5	1.0,NA,0.0	0.0
4930	"ENSG00000104419.17"	"NDRG1"	chr8	-	133246595	133246663	133246615	133246663	133244354	133244390	4930	4,0,0	1,1,0	0,0,0	3,4,1	119	99	1	1.0	0.769,0.0,NA	0.0,0.0,0.0	0.385
4931	"ENSG00000104419.17"	"NDRG1"	chr8	-	133256725	133256863	133256776	133256863	133254538	133254595	4931	1,0,0	2,0,6	0,0,0	2,4,7	150	99	1	1.0	0.248,NA,0.0	0.0,0.0,0.0	0.124
4973	"ENSG00000114670.14"	"NEK11"	chr3	+	131026878	131028002	131026878	131027006	131029612	131029878	4973	0,0,0	0,2,0	0,0,3	0,0,0	198	99	1	1.0	NA,0.0,NA	NA,NA,1.0	-1.0
5003	"ENSG00000084623.12"	"EIF3I"	chr1	+	32228726	32229024	32228726	32228816	32229134	32229208	5003	0,0,2	0,0,3	0,0,0	1,0,0	198	99	1	1.0	NA,NA,0.25	0.0,NA,NA	0.25
5008	"ENSG00000065526.13"	"SPEN"	chr1	+	15872815	15874395	15872815	15873136	15876201	15876678	5008	0,0,2	0,1,3	0,0,0	2,0,0	198	99	1	1.0	NA,0.0,0.25	0.0,NA,NA	0.125
5048	"ENSG00000009830.13"	"POMT2"	chr14	-	77320361	77320883	77320433	77320883	77311948	77312033	5048	0,1,2	4,4,0	0,0,0	1,0,0	171	99	1	1.0	0.0,0.126,1.0	0.0,NA,NA	0.375
5050	"ENSG00000115524.17"	"SF3B1"	chr2	-	197418895	197420542	197420427	197420542	197418508	197418588	5050	0,3,4	2,0,1	0,0,0	0,1,3	198	99	1	1.0	0.0,1.0,0.667	NA,0.0,0.0	0.556
5055	"ENSG00000135469.14"	"COQ10A"	chr12	+	56269058	56269251	56269058	56269108	56269459	56269561	5055	0,1,0	0,0,0	0,0,0	0,2,0	198	99	1	1.0	NA,1.0,NA	NA,0.0,NA	1.0
5192	"ENSG00000179818.17"	"PCBP1-AS1"	chr2	-	70085815	70086267	70086123	70086267	70085546	70085624	5192	0,1,2	0,0,1	6,0,0	0,0,0	198	99	1	1.0	NA,1.0,0.5	1.0,NA,NA	-0.25
5282	"ENSG00000196576.16"	"PLXNB2"	chr22	-	50294718	50294778	50294725	50294778	50289516	50290597	5282	1,1,1	0,4,5	0,0,2	0,0,0	106	99	1	1.0	1.0,0.189,0.157	NA,NA,1.0	-0.551
5302	"ENSG00000138095.20"	"LRPPRC"	chr2	-	43957725	43960634	43960540	43960634	43957384	43957451	5302	0,0,2	0,1,0	0,0,0	1,0,0	198	99	1	1.0	NA,0.0,1.0	0.0,NA,NA	0.5
5316	"ENSG00000116670.16"	"MAD2L2"	chr1	-	11680352	11680471	11680371	11680471	11677542	11677614	5316	2,0,3	0,0,2	0,0,2	0,0,0	118	99	1	1.0	1.0,NA,0.557	NA,NA,1.0	-0.222
5317	"ENSG00000137309.21"	"HMGA1"	chr6	+	34240736	34240915	34240736	34240882	34242711	34242795	5317	2,5,1	2,1,0	2,0,6	3,2,4	132	99	0.0195598331398	1.0	0.429,0.789,1.0	0.333,0.0,0.529	0.452
5377	"ENSG00000290682.1"	"STAG3L5P"	chr7	+	100336124	100336337	100336124	100336220	100338178	100338264	5377	2,8,21	0,6,11	0,0,1	5,0,0	198	99	1	1.0	1.0,0.4,0.488	0.0,NA,1.0	0.129
5391	"ENSG00000107521.21"	"HPS1"	chr10	-	98433939	98434091	98433982	98434091	98431130	98431291	5391	0,0,0	4,2,0	0,0,1	0,0,0	142	99	1	1.0	0.0,0.0,NA	NA,NA,1.0	-1.0
5408	"ENSG00000196975.16"	"ANXA4"	chr2	+	69810593	69811456	69810593	69810673	69812652	69812709	5408	0,0,0	3,1,0	0,2,0	3,4,2	198	99	1	1.0	0.0,0.0,NA	0.0,0.2,0.0	-0.067
5462	"ENSG00000231925.14"	"TAPBP"	chr6	-	33313216	33313864	33313693	33313864	33304988	33305387	5462	3,13,6	0,0,0	1,1,2	0,0,1	198	99	1	1.0	1.0,1.0,1.0	1.0,1.0,0.5	0.167
5507	"ENSG00000109180.15"	"OCIAD1"	chr4	+	48832619	48832761	48832619	48832682	48833400	48833481	5507	1,0,2	0,0,3	0,0,0	1,0,0	178	99	1	1.0	1.0,NA,0.27	0.0,NA,NA	0.635
5508	"ENSG00000109180.15"	"OCIAD1"	chr4	+	48851805	48852020	48851805	48851975	48857212	48857365	5508	0,0,0	0,0,1	0,1,0	2,0,0	144	99	1	1.0	NA,NA,0.0	0.0,1.0,NA	-0.5
5509	"ENSG00000004975.12"	"DVL2"	chr17	-	7230045	7230155	7230057	7230155	7229807	7229943	5509	1,1,2	0,0,1	0,0,0	0,1,0	111	99	1	1.0	1.0,1.0,0.641	NA,0.0,NA	0.88
5535	"ENSG00000071054.17"	"MAP4K4"	chr2	+	101887087	101887261	101887087	101887237	101887777	101887937	5535	0,1,0	0,0,0	0,0,2	3,0,1	123	99	1	1.0	NA,1.0,NA	0.0,NA,0.617	0.692
5588	"ENSG00000104408.11"	"EIF3E"	chr8	-	108236160	108236203	108236162	108236203	108234997	108235102	5588	0,0,2	0,3,0	2,4,4	0,0,0	101	99	1	1.0	NA,0.0,1.0	1.0,1.0,1.0	-0.5
5611	"ENSG00000006062.18"	"MAP3K14"	chr17	-	45270851	45271221	45271057	45271221	45270412	45270563	5611	1,0,0	0,0,2	0,0,0	0,0,1	198	99	1	1.0	1.0,NA,0.0	NA,NA,0.0	0.5
5652	"ENSG00000169714.17"	"CNBP"	chr3	-	129171633	129171771	129171654	129171771	129171445	129171538	5652	0,0,1	1,2,0	1,0,2	2,0,1	120	99	1	1.0	0.0,0.0,1.0	0.292,NA,0.623	-0.124
5684	"ENSG00000089060.12"	"SLC8B1"	chr12	-	113332722	113332960	113332748	113332960	113321195	113321348	5684	0,1,1	0,0,2	3,0,0	0,0,0	125	99	1	1.0	NA,1.0,0.284	1.0,NA,NA	-0.358
5697	"ENSG00000251562.11"	"MALAT1"	chr11	+	65504657	65505662	65504657	65504723	65506385	65506469	5697	0,13,294	0,0,2	0,1,0	0,0,0	198	99	1	1.0	NA,1.0,0.987	NA,1.0,NA	-0.006
5711	"ENSG00000153250.21"	"RBMS1"	chr2	-	160286968	160287084	160286977	160287084	160284994	160285044	5711	0,0,4	0,2,3	2,0,0	0,0,0	108	99	1	1.0	NA,0.0,0.55	1.0,NA,NA	-0.725
5741	"ENSG00000115806.13"	"GORASP2"	chr2	+	170948349	170948430	170948349	170948380	170949538	170949742	5741	0,0,1	0,0,0	0,0,2	0,2,1	149	99	1	1.0	NA,NA,1.0	NA,0.0,0.571	0.715
5755	"ENSG00000170144.22"	"HNRNPA3"	chr2	+	177212740	177212871	177212740	177212805	177215538	177215661	5755	0,1,1	0,2,4	5,3,0	1,0,2	165	99	1	1.0	NA,0.231,0.13	0.75,1.0,0.0	-0.403
5756	"ENSG00000170144.22"	"HNRNPA3"	chr2	+	177215977	177216592	177215977	177216188	177216675	177216771	5756	3,3,5	0,0,0	4,0,3	0,2,0	198	99	0.218092977669	1.0	1.0,1.0,1.0	1.0,0.0,1.0	0.333
5774	"ENSG00000170581.15"	"STAT2"	chr12	-	56354418	56354614	56354458	56354614	56351291	56351450	5774	0,0,1	0,0,0	0,0,0	2,0,0	139	99	1	1.0	NA,NA,1.0	0.0,NA,NA	1.0
5775	"ENSG00000170581.15"	"STAT2"	chr12	-	56354418	56354614	56354465	56354614	56351291	56351450	5775	0,0,1	1,1,3	0,0,0	0,0,2	146	99	1	1.0	0.0,0.0,0.184	NA,NA,0.0	0.061
5776	"ENSG00000170581.15"	"STAT2"	chr12	-	56354458	56354614	56354465	56354614	56351291	56351450	5776	0,0,0	1,1,3	2,0,0	0,0,2	106	99	1	1.0	0.0,0.0,0.0	1.0,NA,0.0	-0.5
5778	"ENSG00000170581.15"	"STAT2"	chr12	-	56354989	56355351	56355275	56355351	56354777	56354863	5778	0,0,2	0,1,4	3,0,0	0,0,1	198	99	1	1.0	NA,0.0,0.2	1.0,NA,0.0	-0.4
5779	"ENSG00000170581.15"	"STAT2"	chr12	-	56355088	56355351	56355275	56355351	56354777	56354863	5779	0,0,2	0,1,4	3,0,0	0,0,1	198	99	1	1.0	NA,0.0,0.2	1.0,NA,0.0	-0.4
5791	"ENSG00000007255.10"	"TRAPPC6A"	chr19	-	45178092	45178237	45178134	45178237	45165126	45165194	5791	0,1,0	0,1,0	0,0,0	0,0,4	141	99	1	1.0	NA,0.413,NA	NA,NA,0.0	0.413
5854	"ENSG00000010244.19"	"ZNF207"	chr17	+	32369598	32369782	32369598	32369745	32373398	32373457	5854	0,0,9	0,0,1	1,0,1	0,0,0	136	99	1	1.0	NA,NA,0.868	1.0,NA,1.0	-0.132
5885	"ENSG00000163449.11"	"TMEM169"	chr2	+	216081918	216082232	216081918	216081979	216095837	216096234	5885	0,0,0	0,0,1	0,0,2	0,0,0	198	99	1	1.0	NA,NA,0.0	NA,NA,1.0	-1.0
5905	"ENSG00000153827.15"	"TRIP12"	chr2	-	229807704	229807864	229807707	229807864	229805729	229805883	5905	0,0,0	0,0,2	0,0,3	3,0,0	102	99	1	1.0	NA,NA,0.0	0.0,NA,1.0	-0.5
5920	"ENSG00000120705.13"	"ETF1"	chr5	-	138542633	138542936	138542832	138542936	138518691	138518867	5920	0,2,0	0,1,1	1,0,0	0,0,0	198	99	1	1.0	NA,0.5,0.0	1.0,NA,NA	-0.75
5921	"ENSG00000120705.13"	"ETF1"	chr5	-	138542704	138542936	138542832	138542936	138518691	138518867	5921	0,1,0	0,1,1	1,0,0	0,0,0	198	99	1	1.0	NA,0.333,0.0	1.0,NA,NA	-0.834
5946	"ENSG00000132842.15"	"AP3B1"	chr5	-	78141142	78141319	78141199	78141319	78129120	78129307	5946	0,0,2	0,0,0	0,0,0	0,4,0	156	99	1	1.0	NA,NA,1.0	NA,0.0,NA	1.0
5986	"ENSG00000125166.13"	"GOT2"	chr16	-	58722118	58722278	58722149	58722278	58719195	58719255	5986	0,0,1	1,0,0	0,0,0	2,1,0	130	99	1	1.0	0.0,NA,1.0	0.0,0.0,NA	0.5
5987	"ENSG00000136286.16"	"MYO1G"	chr7	-	44968919	44969483	44969412	44969483	44967883	44967958	5987	0,0,0	0,0,1	0,0,2	0,0,0	198	99	1	1.0	NA,NA,0.0	NA,NA,1.0	-1.0
5988	"ENSG00000136286.16"	"MYO1G"	chr7	-	44975475	44975649	44975483	44975649	44975173	44975227	5988	0,0,0	2,0,2	1,0,0	0,0,0	107	99	1	1.0	0.0,NA,0.0	1.0,NA,NA	-1.0
6005	"ENSG00000254505.11"	"CHMP4A"	chr14	-	24211410	24211592	24211414	24211592	24210653	24210768	6005	0,1,1	0,0,2	0,0,0	1,0,3	103	99	1	1.0	NA,1.0,0.325	0.0,NA,0.0	0.662
6014	"ENSG00000203875.13"	"SNHG5"	chr6	-	85677790	85677875	85677794	85677875	85677423	85677492	6014	0,0,2	4,1,3	0,0,0	2,2,5	103	99	1	1.0	0.0,0.0,0.391	0.0,0.0,0.0	0.13
6016	"ENSG00000203875.13"	"SNHG5"	chr6	-	85677794	85678032	85677953	85678032	85677423	85677492	6016	4,1,19	0,0,1	2,2,5	0,0,0	198	99	1	1.0	1.0,1.0,0.905	1.0,1.0,1.0	-0.032
6038	"ENSG00000137513.11"	"NARS2"	chr11	-	78574347	78574864	78574828	78574864	78571334	78571444	6038	0,1,0	0,0,0	0,0,0	4,0,0	198	99	1	1.0	NA,1.0,NA	0.0,NA,NA	1.0
6091	"ENSG00000008988.11"	"RPS20"	chr8	-	56074253	56074510	56074380	56074510	56074059	56074159	6091	0,0,0	15,12,34	1,0,2	16,13,36	198	99	1	1.0	0.0,0.0,0.0	0.03,0.0,0.027	-0.019
6131	"ENSG00000179364.15"	"PACS2"	chr14	+	105368458	105368539	105368458	105368515	105369840	105369900	6131	2,2,7	0,1,0	0,0,1	0,0,0	123	99	1	1.0	1.0,0.617,1.0	NA,NA,1.0	-0.128
6132	"ENSG00000179364.15"	"PACS2"	chr14	+	105381913	105382058	105381913	105382046	105382476	105382581	6132	0,1,0	0,2,2	0,0,0	0,0,1	111	99	1	1.0	NA,0.308,0.0	NA,NA,0.0	0.154
6143	"ENSG00000112306.8"	"RPS12"	chr6	+	132814971	132815224	132814971	132815088	132816460	132816563	6143	2,0,3	8,9,17	1,1,0	23,7,16	198	99	1	1.0	0.111,0.0,0.081	0.021,0.067,0.0	0.035
6159	"ENSG00000189159.16"	"JPT1"	chr17	-	75147519	75147653	75147555	75147653	75146665	75146684	6159	0,0,1	0,0,1	0,0,0	0,1,1	135	99	1	1.0	NA,NA,0.423	NA,0.0,0.0	0.423
6163	"ENSG00000104805.17"	"NUCB1"	chr19	+	48900785	48900961	48900785	48900931	48904346	48904454	6163	1,0,0	1,0,1	0,0,0	0,0,1	129	99	1	1.0	0.434,NA,0.0	NA,NA,0.0	0.217
6164	"ENSG00000104805.17"	"NUCB1"	chr19	+	48900785	48901121	48900785	48900931	48904346	48904454	6164	1,0,0	1,0,1	0,0,0	0,0,1	198	99	1	1.0	0.333,NA,0.0	NA,NA,0.0	0.167
6199	"ENSG00000102882.12"	"MAPK3"	chr16	-	30118046	30118163	30118098	30118163	30117669	30117784	6199	0,0,1	0,0,0	0,2,0	0,10,0	151	99	1	1.0	NA,NA,1.0	NA,0.116,NA	0.884
6229	"ENSG00000115514.12"	"TXNDC9"	chr2	-	99332983	99333242	99333021	99333242	99327534	99327653	6229	1,0,0	0,0,0	0,0,0	0,2,2	137	99	1	1.0	1.0,NA,NA	NA,0.0,0.0	1.0
6249	"ENSG00000026297.17"	"RNASET2"	chr6	-	166946540	166946739	166946681	166946739	166943018	166943089	6249	0,0,3	1,0,1	0,1,0	0,0,1	198	99	1	1.0	0.0,NA,0.6	NA,1.0,0.0	-0.2
6250	"ENSG00000026297.17"	"RNASET2"	chr6	-	166948565	166948625	166948569	166948625	166946681	166946739	6250	0,0,0	0,0,2	0,2,0	1,1,0	103	99	1	1.0	NA,NA,0.0	0.0,0.658,NA	-0.329
6268	"ENSG00000164889.15"	"SLC4A2"	chr7	+	151074038	151074293	151074038	151074099	151074398	151074488	6268	0,1,2	0,1,0	1,2,2	0,0,0	198	99	1	1.0	NA,0.333,1.0	1.0,1.0,1.0	-0.334
6272	"ENSG00000164880.16"	"INTS1"	chr7	-	1472242	1472386	1472272	1472386	1471570	1471641	6272	2,0,0	0,2,1	0,0,0	1,0,0	129	99	1	1.0	1.0,0.0,0.0	0.0,NA,NA	0.333
6290	"ENSG00000198176.13"	"TFDP1"	chr13	+	113631622	113631905	113631622	113631744	113633119	113633285	6290	0,0,0	1,0,0	0,0,2	1,0,0	198	99	1	1.0	0.0,NA,NA	0.0,NA,1.0	-0.5
6302	"ENSG00000061676.16"	"NCKAP1"	chr2	-	182935264	182935375	182935292	182935375	182934751	182934832	6302	0,0,0	0,2,0	0,4,3	0,1,1	127	99	1	1.0	NA,0.0,NA	NA,0.757,0.7	-0.728
6306	"ENSG00000149923.14"	"PPP4C"	chr16	+	30082745	30082963	30082745	30082847	30083393	30083567	6306	0,0,2	0,0,1	0,0,0	0,3,0	198	99	1	1.0	NA,NA,0.5	NA,0.0,NA	0.5
6313	"ENSG00000136261.16"	"BZW2"	chr7	+	16646133	16646304	16646133	16646288	16665436	16665501	6313	0,0,1	0,2,1	1,0,0	0,0,0	115	99	1	1.0	NA,0.0,0.463	1.0,NA,NA	-0.768
6333	"ENSG00000070882.13"	"OSBPL3"	chr7	-	24834086	24834736	24834485	24834736	24830767	24830905	6333	0,0,0	0,0,4	0,0,1	0,0,1	198	99	1	1.0	NA,NA,0.0	NA,NA,0.333	-0.333
6355	"ENSG00000270647.7"	"TAF15"	chr17	+	35820163	35820248	35820163	35820239	35820331	35820437	6355	0,2,5	0,0,1	0,1,0	0,0,0	108	99	1	1.0	NA,1.0,0.821	NA,1.0,NA	-0.09
6365	"ENSG00000122678.17"	"POLM"	chr7	-	44078739	44078811	44078755	44078811	44076508	44076629	6365	0,1,5	0,0,1	0,0,0	0,0,1	115	99	1	1.0	NA,1.0,0.811	NA,NA,0.0	0.905
6368	"ENSG00000106628.13"	"POLD2"	chr7	-	44117583	44117742	44117618	44117742	44117132	44117247	6368	0,0,2	0,0,0	0,0,0	2,0,2	134	99	1	1.0	NA,NA,1.0	0.0,NA,0.0	1.0
6431	"ENSG00000126524.12"	"SBDS"	chr7	-	66995097	66995586	66995289	66995586	66994211	66994341	6431	1,0,0	0,0,0	0,0,0	1,0,1	198	99	1	1.0	1.0,NA,NA	0.0,NA,0.0	1.0
6471	"ENSG00000106211.10"	"HSPB1"	chr7	+	76303801	76303865	76303801	76303844	76303983	76304292	6471	11,8,13	0,0,0	22,19,34	2,0,0	120	99	1	1.0	1.0,1.0,1.0	0.901,1.0,1.0	0.033
6511	"ENSG00000106105.15"	"GARS1"	chr7	+	30631447	30631559	30631447	30631541	30632246	30632437	6511	2,0,0	0,0,4	0,0,0	1,1,0	117	99	1	1.0	1.0,NA,0.0	0.0,0.0,NA	0.5
6512	"ENSG00000183735.11"	"TBK1"	chr12	+	64464333	64464463	64464333	64464459	64466900	64467082	6512	0,1,1	0,0,1	2,0,0	0,0,0	103	99	1	1.0	NA,1.0,0.49	1.0,NA,NA	-0.255
6518	"ENSG00000182165.20"	"TP53TG1"	chr7	-	87341354	87341684	87341637	87341684	87325346	87325444	6518	0,0,0	2,0,0	0,0,1	0,0,0	198	99	1	1.0	0.0,NA,NA	NA,NA,1.0	-1.0
6540	"ENSG00000105854.13"	"PON2"	chr7	-	95416171	95416297	95416241	95416297	95412311	95412477	6540	0,0,0	2,2,1	0,2,0	1,2,0	169	99	1	1.0	0.0,0.0,0.0	0.0,0.369,NA	-0.184
6549	"ENSG00000197037.11"	"ZSCAN25"	chr7	+	99619560	99619997	99619560	99619993	99621372	99621574	6549	0,1,0	0,4,1	0,0,1	0,0,0	103	99	1	1.0	NA,0.194,0.0	NA,NA,1.0	-0.903
6560	"ENSG00000221838.11"	"AP4M1"	chr7	+	100101879	100102393	100101879	100101989	100102674	100102781	6560	0,1,1	0,0,0	0,0,0	6,0,0	198	99	1	1.0	NA,1.0,1.0	0.0,NA,NA	1.0
6576	"ENSG00000087087.20"	"SRRT"	chr7	+	100885700	100885774	100885700	100885762	100885862	100885941	6576	0,0,0	0,1,2	0,6,0	3,0,0	111	99	1	1.0	NA,0.0,0.0	0.0,1.0,NA	-0.5
6579	"ENSG00000106397.12"	"PLOD3"	chr7	-	101216162	101216326	101216196	101216326	101215907	101216020	6579	2,0,1	0,0,1	1,2,0	0,0,0	133	99	1	1.0	1.0,NA,0.427	1.0,1.0,NA	-0.286
6603	"ENSG00000101782.15"	"RIOK3"	chr18	+	23473428	23473626	23473428	23473483	23474947	23475107	6603	1,0,4	0,0,1	0,4,0	0,0,0	198	99	1	1.0	1.0,NA,0.667	NA,1.0,NA	-0.166
6670	"ENSG00000142541.18"	"RPL13A"	chr19	+	49489849	49489922	49489849	49489912	49490231	49490297	6670	15,27,37	4,0,2	61,31,97	2,0,2	109	99	0.131090480624	1.0	0.773,1.0,0.944	0.965,1.0,0.978	-0.075
6671	"ENSG00000142541.18"	"RPL13A"	chr19	+	49489849	49490090	49489849	49489912	49490231	49490297	6671	0,1,5	4,0,2	0,0,5	2,0,2	198	99	1	1.0	0.0,1.0,0.556	0.0,NA,0.556	0.241
6672	"ENSG00000142541.18"	"RPL13A"	chr19	+	49489849	49490090	49489849	49489922	49490231	49490297	6672	0,1,4	15,27,35	0,0,5	61,31,97	198	99	0.638863633608	1.0	0.0,0.018,0.054	0.0,0.0,0.025	0.016
6675	"ENSG00000142541.18"	"RPL13A"	chr19	+	49490474	49490600	49490474	49490576	49490778	49490864	6675	1,0,0	15,18,45	0,0,0	16,15,44	123	99	1	1.0	0.051,0.0,0.0	0.0,0.0,0.0	0.017
6726	"ENSG00000134574.12"	"DDB2"	chr11	+	47234756	47235412	47234756	47234934	47237836	47238001	6726	0,2,0	0,0,1	2,1,1	0,0,0	198	99	1	1.0	NA,1.0,0.0	1.0,1.0,1.0	-0.5
6739	"ENSG00000291118.1"	"ZNF767P"	chr7	-	149551573	149551826	149551654	149551826	149550867	149550946	6739	0,0,0	0,0,3	0,2,0	0,0,0	180	99	1	1.0	NA,NA,0.0	NA,1.0,NA	-1.0
6755	"ENSG00000143933.20"	"CALM2"	chr2	-	47176235	47176511	47176440	47176511	47170733	47170764	6755	0,1,1	3,1,3	0,0,0	3,5,8	198	99	1	1.0	0.0,0.333,0.143	0.0,0.0,0.0	0.159
6776	"ENSG00000156482.11"	"RPL30"	chr8	-	98044826	98045088	98044942	98045088	98042644	98042775	6776	0,0,2	10,7,22	0,0,0	13,5,19	198	99	1	1.0	0.0,0.0,0.043	0.0,0.0,0.0	0.014
6860	"ENSG00000085662.14"	"AKR1B1"	chr7	-	134447460	134448061	134447979	134448061	134447297	134447381	6860	0,0,0	0,2,4	0,2,0	7,1,10	198	99	1	1.0	NA,0.0,0.0	0.0,0.5,0.0	-0.167
6896	"ENSG00000077782.23"	"FGFR1"	chr8	-	38424316	38424699	38424508	38424699	38421796	38421941	6896	0,0,0	0,0,1	0,0,1	0,1,0	198	99	1	1.0	NA,NA,0.0	NA,0.0,1.0	-0.5
6939	"ENSG00000170791.18"	"CHCHD7"	chr8	+	56211788	56212174	56211788	56211837	56214597	56214667	6939	0,0,0	0,1,0	1,0,0	0,0,0	198	99	1	1.0	NA,0.0,NA	1.0,NA,NA	-1.0
6962	"ENSG00000089157.16"	"RPLP0"	chr12	-	120200718	120200831	120200729	120200831	120199117	120199485	6962	0,0,3	6,10,20	0,0,0	15,11,26	110	99	0.699799700652	1.0	0.0,0.0,0.119	0.0,0.0,0.0	0.04
6995	"ENSG00000165916.9"	"PSMC3"	chr11	-	47424045	47424183	47424108	47424183	47422829	47422973	6995	2,1,3	0,0,0	1,2,3	0,2,0	162	99	0.627685957311	1.0	1.0,1.0,1.0	1.0,0.379,1.0	0.207
7028	"ENSG00000157193.18"	"LRP8"	chr1	-	53271226	53275753	53275630	53275753	53271027	53271153	7028	0,1,8	0,0,0	0,0,0	2,0,0	198	99	1	1.0	NA,1.0,1.0	0.0,NA,NA	1.0
7042	"ENSG00000168610.17"	"STAT3"	chr17	-	42322281	42322494	42322284	42322494	42317181	42317224	7042	0,0,1	0,2,0	1,0,2	0,0,0	102	99	1	1.0	NA,0.0,1.0	1.0,NA,1.0	-0.5
7047	"ENSG00000147687.19"	"TATDN1"	chr8	-	124518741	124518881	124518817	124518881	124515886	124516030	7047	0,0,1	0,0,0	0,0,0	0,0,1	175	99	1	1.0	NA,NA,1.0	NA,NA,0.0	1.0
7075	"ENSG00000225484.7"	"NUTM2B-AS1"	chr10	-	79808758	79808832	79808762	79808832	79806038	79806122	7075	0,5,2	0,0,1	2,0,0	0,0,0	103	99	1	1.0	NA,1.0,0.658	1.0,NA,NA	-0.171
7089	"ENSG00000178685.14"	"PARP10"	chr8	-	143985720	143985975	143985724	143985975	143985568	143985648	7089	1,2,1	0,1,0	3,0,1	0,0,0	103	99	1	1.0	1.0,0.658,1.0	1.0,NA,1.0	-0.114
7106	"ENSG00000169045.19"	"HNRNPH1"	chr5	-	179616868	179616958	179616898	179616958	179616125	179616218	7106	5,6,13	0,0,1	6,1,4	0,0,2	129	99	1	1.0	1.0,1.0,0.909	1.0,1.0,0.606	0.101
7110	"ENSG00000169045.19"	"HNRNPH1"	chr5	-	179623594	179623669	179623635	179623669	179623036	179623164	7110	5,5,6	0,0,2	6,0,1	3,0,0	140	99	1	1.0	1.0,1.0,0.68	0.586,NA,1.0	0.1
7187	"ENSG00000147130.14"	"ZMYM3"	chrX	-	71246594	71246692	71246630	71246692	71246352	71246512	7187	0,0,3	0,0,1	0,0,1	0,0,0	135	99	1	1.0	NA,NA,0.688	NA,NA,1.0	-0.312
7221	"ENSG00000116001.17"	"TIA1"	chr2	-	70236072	70236175	70236078	70236175	70230755	70230854	7221	0,0,1	1,3,7	0,0,0	0,1,0	105	99	1	1.0	0.0,0.0,0.119	NA,0.0,NA	0.04
7232	"ENSG00000291075.1"	"ENSG00000291075"	chr9	+	40992260	40992775	40992260	40992479	40993252	40993434	7232	0,2,7	0,0,1	0,0,2	0,0,0	198	99	1	1.0	NA,1.0,0.778	NA,NA,1.0	-0.111
7284	"ENSG00000106028.11"	"SSBP1"	chr7	+	141738357	141738503	141738357	141738410	141739123	141739190	7284	0,0,0	2,0,0	0,0,2	2,0,1	192	99	1	1.0	0.0,NA,NA	0.0,NA,0.508	-0.254
7296	"ENSG00000133835.18"	"HSD17B4"	chr5	+	119452496	119452821	119452496	119452633	119456314	119456368	7296	0,0,0	0,1,0	1,0,0	0,0,0	198	99	1	1.0	NA,0.0,NA	1.0,NA,NA	-1.0
7310	"ENSG00000196305.19"	"IARS1"	chr9	-	92269877	92269983	92269884	92269983	92268173	92268300	7310	0,2,0	2,6,7	0,0,0	0,2,2	106	99	1	1.0	0.0,0.237,0.0	NA,0.0,0.0	0.079
7312	"ENSG00000196305.19"	"IARS1"	chr9	-	92293440	92293695	92293610	92293695	92289300	92289426	7312	0,3,2	0,0,2	1,0,1	0,0,0	198	99	1	1.0	NA,1.0,0.333	1.0,NA,1.0	-0.334
7317	"ENSG00000118418.16"	"HMGN3"	chr6	-	79202275	79202389	79202316	79202389	79201244	79201726	7317	2,0,2	0,0,0	0,0,0	0,0,3	140	99	1	1.0	1.0,NA,1.0	NA,NA,0.0	1.0
7318	"ENSG00000198000.12"	"NOL8"	chr9	-	92324905	92325350	92325305	92325350	92324022	92324209	7318	0,1,0	0,0,0	0,0,0	0,0,1	198	99	1	1.0	NA,1.0,NA	NA,NA,0.0	1.0
7326	"ENSG00000145425.10"	"RPS3A"	chr4	+	151099627	151099887	151099627	151099714	151100484	151100588	7326	0,0,1	6,7,41	0,0,0	12,1,19	198	99	1	1.0	0.0,0.0,0.012	0.0,0.0,0.0	0.004
7327	"ENSG00000145425.10"	"RPS3A"	chr4	+	151099628	151099836	151099628	151099714	151100484	151100588	7327	0,0,1	6,7,41	0,0,0	12,1,19	198	99	1	1.0	0.0,0.0,0.012	0.0,0.0,0.0	0.004
7333	"ENSG00000138303.19"	"ASCC1"	chr10	-	72215781	72216109	72215835	72216109	72213186	72213331	7333	0,0,1	0,0,0	0,0,0	0,2,0	153	99	1	1.0	NA,NA,1.0	NA,0.0,NA	1.0
7370	"ENSG00000119321.10"	"FKBP15"	chr9	-	113183740	113183845	113183750	113183845	113182765	113182868	7370	0,1,4	0,3,2	0,0,0	1,0,0	109	99	1	1.0	NA,0.232,0.645	0.0,NA,NA	0.439
7387	"ENSG00000119402.18"	"FBXW2"	chr9	-	120792886	120793257	120793148	120793257	120787768	120788278	7387	0,0,1	0,0,2	0,0,0	0,3,0	198	99	1	1.0	NA,NA,0.2	NA,0.0,NA	0.2
7415	"ENSG00000159692.18"	"CTBP1"	chr4	-	1214190	1214473	1214342	1214473	1213477	1213605	7415	0,0,0	0,8,3	0,2,0	0,0,2	198	99	1	1.0	NA,0.0,0.0	NA,1.0,0.0	-0.5
7442	"ENSG00000133195.12"	"SLC39A11"	chr17	-	72947527	72947875	72947751	72947875	72849633	72849804	7442	0,0,1	1,0,0	0,0,0	0,0,1	198	99	1	1.0	0.0,NA,1.0	NA,NA,0.0	0.5
7443	"ENSG00000133195.12"	"SLC39A11"	chr17	-	72947730	72947875	72947751	72947875	72849633	72849804	7443	2,2,0	1,0,0	0,0,0	0,0,1	120	99	1	1.0	0.623,1.0,NA	NA,NA,0.0	0.811
7461	"ENSG00000165688.14"	"PMPCA"	chr9	+	136414552	136414675	136414552	136414647	136416290	136416391	7461	0,0,0	0,0,3	0,0,2	0,0,0	127	99	1	1.0	NA,NA,0.0	NA,NA,1.0	-1.0
7462	"ENSG00000165688.14"	"PMPCA"	chr9	+	136414552	136414743	136414552	136414647	136416290	136416391	7462	0,0,0	0,0,3	0,0,2	0,0,0	195	99	1	1.0	NA,NA,0.0	NA,NA,1.0	-1.0
7466	"ENSG00000196642.19"	"RABL6"	chr9	+	136837861	136838015	136837861	136837980	136838908	136839121	7466	1,4,1	0,0,2	0,0,1	0,0,0	134	99	1	1.0	1.0,1.0,0.27	NA,NA,1.0	-0.243
7555	"ENSG00000100650.16"	"SRSF5"	chr14	+	69767092	69767380	69767092	69767255	69768137	69768282	7555	0,1,2	2,21,19	1,2,0	0,0,2	198	99	0.0652623691277	1.0	0.0,0.023,0.05	1.0,1.0,0.0	-0.642
7573	"ENSG00000172671.20"	"ZFAND4"	chr10	-	45672271	45672762	45672678	45672762	45663541	45663842	7573	0,0,2	0,0,0	0,0,0	2,0,0	198	99	1	1.0	NA,NA,1.0	0.0,NA,NA	1.0
7594	"ENSG00000114439.19"	"BBX"	chr3	+	107645835	107646087	107645835	107645909	107710451	107710622	7594	0,0,1	0,1,2	0,0,0	0,0,1	198	99	1	1.0	NA,0.0,0.2	NA,NA,0.0	0.1
7610	"ENSG00000096746.18"	"HNRNPH3"	chr10	+	68338502	68338687	68338502	68338642	68339139	68339226	7610	0,2,1	0,0,0	1,0,3	4,0,0	144	99	1	1.0	NA,1.0,1.0	0.147,NA,1.0	0.426
7662	"ENSG00000109861.17"	"CTSC"	chr11	-	88337172	88337736	88337500	88337736	88334936	88335082	7662	3,1,5	2,2,24	0,0,0	9,0,4	198	99	1	1.0	0.429,0.2,0.094	0.0,NA,0.0	0.241
7671	"ENSG00000095564.15"	"BTAF1"	chr10	+	91959064	91959282	91959064	91959154	91959784	91959880	7671	3,0,12	0,2,4	3,0,1	0,0,0	198	99	1	1.0	1.0,0.0,0.6	1.0,NA,1.0	-0.467
7699	"ENSG00000255339.6"	"ENSG00000255339"	chr10	-	100529365	100529506	100529379	100529506	100526974	100527074	7699	1,2,0	1,4,1	2,0,0	0,2,5	113	99	0.661357789634	1.0	0.467,0.305,0.0	1.0,0.0,0.0	-0.076
7710	"ENSG00000166197.17"	"NOLC1"	chr10	+	102159192	102159338	102159192	102159308	102159432	102159568	7710	8,0,0	0,1,3	0,0,0	1,0,0	129	99	1	1.0	1.0,0.0,0.0	0.0,NA,NA	0.333
7715	"ENSG00000107862.7"	"GBF1"	chr10	+	102362474	102362664	102362474	102362628	102363255	102363396	7715	0,0,2	0,0,0	0,0,0	0,0,4	135	99	1	1.0	NA,NA,1.0	NA,NA,0.0	1.0
7718	"ENSG00000107862.7"	"GBF1"	chr10	+	102362474	102363396	102362474	102362664	102363709	102363798	7718	1,1,3	1,0,0	0,0,1	0,0,0	198	99	1	1.0	0.333,1.0,1.0	NA,NA,1.0	-0.222
7766	"ENSG00000182196.14"	"ARL6IP4"	chr12	+	122981128	122981299	122981128	122981266	122981594	122981879	7766	0,0,0	0,0,2	0,1,2	2,2,0	132	99	1	1.0	NA,NA,0.0	0.0,0.273,1.0	-0.424
7780	"ENSG00000185101.13"	"ANO9"	chr11	-	429473	429652	429569	429652	428721	428826	7780	0,2,0	0,0,0	0,0,0	0,0,2	195	99	1	1.0	NA,1.0,NA	NA,NA,0.0	1.0
7810	"ENSG00000110321.19"	"EIF4G2"	chr11	-	10801660	10802209	10802048	10802209	10800961	10801087	7810	1,0,12	1,1,0	4,2,2	0,0,0	198	99	1	1.0	0.333,0.0,1.0	1.0,1.0,1.0	-0.556
7818	"ENSG00000129083.13"	"COPB1"	chr11	-	14499706	14499811	14499741	14499811	14498837	14498985	7818	0,0,2	0,0,0	0,0,0	1,0,0	134	99	1	1.0	NA,NA,1.0	0.0,NA,NA	1.0
7849	"ENSG00000118785.15"	"SPP1"	chr4	+	87980045	87980434	87980045	87980126	87981474	87981798	7849	2,4,4	1,4,5	10,8,10	2,2,1	198	99	0.0021068514303	0.1881840601375583	0.5,0.333,0.286	0.714,0.667,0.833	-0.365
7868	"ENSG00000162961.14"	"DPY30"	chr2	-	32039592	32039805	32039732	32039805	32039420	32039492	7868	0,1,0	2,0,0	0,0,0	0,2,1	198	99	1	1.0	0.0,1.0,NA	NA,0.0,0.0	0.5
7893	"ENSG00000213619.11"	"NDUFS3"	chr11	+	47579268	47579338	47579268	47579334	47580524	47580622	7893	0,0,2	0,1,0	0,0,0	5,0,5	103	99	1	1.0	NA,0.0,1.0	0.0,NA,0.0	0.5
7934	"ENSG00000149532.16"	"CPSF7"	chr11	-	61419921	61420094	61419948	61420094	61416104	61416519	7934	0,1,2	1,0,0	0,2,0	0,0,0	126	99	1	1.0	0.0,1.0,1.0	NA,1.0,NA	-0.333
7975	"ENSG00000162300.13"	"ZFPL1"	chr11	+	65085114	65085314	65085114	65085226	65086414	65086608	7975	0,0,0	0,0,1	0,1,0	0,0,0	187	99	1	1.0	NA,NA,0.0	NA,1.0,NA	-1.0
7982	"ENSG00000168056.18"	"LTBP3"	chr11	-	65543104	65543224	65543126	65543224	65541599	65541728	7982	1,1,8	0,0,4	1,0,2	0,0,0	121	99	1	1.0	1.0,1.0,0.621	1.0,NA,1.0	-0.126
8008	"ENSG00000110066.16"	"KMT5B"	chr11	-	68179469	68180200	68180131	68180200	68175017	68175183	8008	0,0,1	0,1,0	0,0,0	0,1,0	198	99	1	1.0	NA,0.0,1.0	NA,0.0,NA	0.5
8036	"ENSG00000149273.15"	"RPS3"	chr11	+	75401639	75401725	75401639	75401705	75402379	75402446	8036	0,4,1	2,0,0	2,0,3	0,0,0	119	99	1	1.0	0.0,1.0,1.0	1.0,NA,1.0	-0.333
8039	"ENSG00000101158.15"	"NELFCD"	chr20	+	58989857	58990232	58989857	58989988	58990909	58991075	8039	1,0,0	0,0,2	0,0,0	1,0,0	198	99	1	1.0	1.0,NA,0.0	0.0,NA,NA	0.5
8040	"ENSG00000101158.15"	"NELFCD"	chr20	+	58993623	58993764	58993623	58993675	58994109	58994239	8040	0,0,0	0,0,1	0,1,2	0,0,0	188	99	1	1.0	NA,NA,0.0	NA,1.0,1.0	-1.0
8043	"ENSG00000137492.9"	"THAP12"	chr11	-	76365319	76365972	76365851	76365972	76360955	76361063	8043	0,0,0	2,0,0	0,2,0	0,0,0	198	99	1	1.0	0.0,NA,NA	NA,1.0,NA	-1.0
8044	"ENSG00000137492.9"	"THAP12"	chr11	-	76365779	76365972	76365851	76365972	76360955	76361063	8044	0,0,0	2,0,0	0,1,0	0,0,0	171	99	1	1.0	0.0,NA,NA	NA,1.0,NA	-1.0
8111	"ENSG00000100401.21"	"RANGAP1"	chr22	-	41285543	41286187	41285985	41286187	41280932	41281082	8111	0,0,0	0,1,2	0,1,0	0,0,0	198	99	1	1.0	NA,0.0,0.0	NA,1.0,NA	-1.0
8120	"ENSG00000110274.16"	"CEP164"	chr11	+	117408889	117409028	117408889	117409004	117409617	117409965	8120	0,0,0	0,1,0	2,0,0	0,0,0	123	99	1	1.0	NA,0.0,NA	1.0,NA,NA	-1.0
8132	"ENSG00000156709.15"	"AIFM1"	chrX	-	130133312	130133455	130133383	130133455	130131674	130131799	8132	0,0,0	0,2,0	2,0,0	0,0,0	170	99	1	1.0	NA,0.0,NA	1.0,NA,NA	-1.0
8137	"ENSG00000118181.11"	"RPS25"	chr11	-	119017924	119018053	119017957	119018053	119017361	119017545	8137	2,0,0	8,11,15	0,0,0	18,4,16	132	99	1	1.0	0.158,0.0,0.0	0.0,0.0,0.0	0.053
8141	"ENSG00000137700.19"	"SLC37A4"	chr11	-	119026602	119027095	119026936	119027095	119025966	119026080	8141	0,0,0	2,0,0	0,0,6	0,0,0	198	99	1	1.0	0.0,NA,NA	NA,NA,1.0	-1.0
8169	"ENSG00000110080.20"	"ST3GAL4"	chr11	+	126406472	126406693	126406472	126406557	126406942	126407023	8169	0,0,0	0,0,1	0,0,2	0,0,0	198	99	1	1.0	NA,NA,0.0	NA,NA,1.0	-1.0
8190	"ENSG00000102908.23"	"NFAT5"	chr16	+	69647027	69647586	69647027	69647167	69653235	69653428	8190	0,1,5	0,0,2	2,0,3	5,0,0	198	99	1	1.0	NA,1.0,0.556	0.167,NA,1.0	0.195
8228	"ENSG00000069493.15"	"CLEC2D"	chr12	+	9687901	9688161	9687901	9688086	9692827	9692931	8228	0,0,1	0,1,4	0,0,0	0,0,1	174	99	1	1.0	NA,0.0,0.125	NA,NA,0.0	0.062
8237	"ENSG00000135297.17"	"MTO1"	chr6	+	73479935	73480367	73479935	73480126	73480674	73480805	8237	1,4,4	0,0,2	1,0,0	0,0,0	198	99	1	1.0	1.0,1.0,0.5	1.0,NA,NA	-0.167
8280	"ENSG00000132424.17"	"PNISR"	chr6	-	99403828	99404702	99404602	99404702	99402539	99402710	8280	1,5,6	0,2,0	6,0,0	0,0,0	198	99	1	1.0	1.0,0.556,1.0	1.0,NA,NA	-0.148
8303	"ENSG00000249859.14"	"PVT1"	chr8	+	128070159	128070361	128070159	128070272	128096517	128096654	8303	0,0,0	0,1,0	0,0,2	0,0,0	188	99	1	1.0	NA,0.0,NA	NA,NA,1.0	-1.0
8313	"ENSG00000167552.15"	"TUBA1A"	chr12	-	49186587	49186833	49186610	49186833	49186309	49186458	8313	2,0,0	2,8,2	0,0,0	4,2,4	122	99	1	1.0	0.448,0.0,0.0	0.0,0.0,0.0	0.149
8333	"ENSG00000230487.9"	"PSMG3-AS1"	chr7	+	1570079	1570533	1570079	1570279	1574714	1574863	8333	0,0,0	0,0,1	2,0,0	0,0,0	198	99	1	1.0	NA,NA,0.0	1.0,NA,NA	-1.0
8335	"ENSG00000256269.11"	"HMBS"	chr11	+	119088634	119088848	119088634	119088707	119089081	119089131	8335	1,0,0	0,0,0	0,0,0	0,1,0	198	99	1	1.0	1.0,NA,NA	NA,0.0,NA	1.0
8373	"ENSG00000135486.19"	"HNRNPA1"	chr12	+	54282799	54282932	54282799	54282874	54283078	54283234	8373	0,0,1	0,2,2	0,0,0	2,0,0	157	99	1	1.0	NA,0.0,0.24	0.0,NA,NA	0.12
8375	"ENSG00000135486.19"	"HNRNPA1"	chr12	+	54282799	54282932	54282799	54282874	54283811	54283967	8375	0,0,1	0,4,5	0,0,0	3,0,7	157	99	1	1.0	NA,0.0,0.112	0.0,NA,0.0	0.056
8382	"ENSG00000135486.19"	"HNRNPA1"	chr12	+	54282572	54282662	54282572	54282611	54283826	54283967	8382	0,1,1	0,0,0	1,0,0	0,0,2	150	99	1	1.0	NA,1.0,1.0	1.0,NA,0.0	0.5
8383	"ENSG00000135486.19"	"HNRNPA1"	chr12	+	54282572	54282665	54282572	54282611	54283826	54283967	8383	0,1,1	0,0,0	1,0,0	0,0,2	153	99	1	1.0	NA,1.0,1.0	1.0,NA,0.0	0.5
8413	"ENSG00000092841.19"	"MYL6"	chr12	+	56159586	56159730	56159586	56159622	56159974	56160148	8413	9,12,39	0,0,1	33,4,56	0,0,0	198	99	1	1.0	1.0,1.0,0.951	1.0,1.0,1.0	-0.016
8417	"ENSG00000166986.15"	"MARS1"	chr12	+	57515919	57516158	57515919	57515991	57516244	57516337	8417	0,0,5	1,1,1	0,0,1	1,0,0	198	99	1	1.0	0.0,0.0,0.714	0.0,NA,1.0	-0.262
8423	"ENSG00000135506.17"	"OS9"	chr12	+	57695961	57696038	57695961	57695976	57696274	57696373	8423	0,3,6	0,0,2	2,0,3	0,0,0	161	99	1	1.0	NA,1.0,0.648	1.0,NA,1.0	-0.176
8427	"ENSG00000135506.17"	"OS9"	chr12	+	57718145	57718421	57718145	57718376	57718992	57719182	8427	7,19,6	0,5,4	6,2,7	0,0,0	144	99	1.31103024614e-05	0.0030663886946875	1.0,0.723,0.508	1.0,1.0,1.0	-0.256
8428	"ENSG00000135506.17"	"OS9"	chr12	+	57718992	57720263	57718992	57719182	57720405	57720518	8428	0,2,0	0,1,1	2,0,0	0,0,0	198	99	1	1.0	NA,0.5,0.0	1.0,NA,NA	-0.75
8456	"ENSG00000087460.29"	"GNAS"	chr20	+	58898940	58899162	58898940	58898985	58903530	58903585	8456	0,4,8	6,9,6	0,0,0	3,7,12	198	99	1.3478631625e-05	0.0030663886946875	0.0,0.182,0.4	0.0,0.0,0.0	0.194
8473	"ENSG00000132155.14"	"RAF1"	chr3	-	12590797	12591792	12591707	12591792	12587590	12587637	8473	0,3,0	0,0,0	0,0,0	0,2,0	198	99	1	1.0	NA,1.0,NA	NA,0.0,NA	1.0
8477	"ENSG00000165280.18"	"VCP"	chr9	-	35059442	35059801	35059492	35059801	35059063	35059219	8477	0,3,0	0,2,3	0,0,0	0,0,3	149	99	1	1.0	NA,0.499,0.0	NA,NA,0.0	0.249
8491	"ENSG00000075089.10"	"ACTR6"	chr12	+	100205675	100205757	100205675	100205744	100207662	100207786	8491	0,0,2	0,0,0	0,0,0	0,1,0	112	99	1	1.0	NA,NA,1.0	NA,0.0,NA	1.0
8494	"ENSG00000166598.16"	"HSP90B1"	chr12	+	103931520	103931748	103931520	103931623	103932276	103932418	8494	1,0,1	2,3,13	0,0,0	0,0,4	198	99	1	1.0	0.2,0.0,0.037	NA,NA,0.0	0.079
8495	"ENSG00000166598.16"	"HSP90B1"	chr12	+	103943073	103943573	103943073	103943319	103943737	103943874	8495	0,2,7	0,1,8	0,0,0	4,0,3	198	99	1	1.0	NA,0.5,0.304	0.0,NA,0.0	0.402
8506	"ENSG00000139436.22"	"GIT2"	chr12	-	109996098	109996368	109996172	109996368	109991626	109991760	8506	0,0,1	2,2,1	0,0,0	0,4,0	173	99	1	1.0	0.0,0.0,0.364	NA,0.0,NA	0.121
8565	"ENSG00000126581.13"	"BECN1"	chr17	-	42824132	42824282	42824154	42824282	42823747	42823879	8565	0,0,0	2,0,0	0,0,3	0,0,1	121	99	1	1.0	0.0,NA,NA	NA,NA,0.711	-0.711
8576	"ENSG00000185163.10"	"DDX51"	chr12	-	132141102	132141420	132141274	132141420	132140830	132141020	8576	0,0,0	0,1,0	1,0,0	0,0,0	198	99	1	1.0	NA,0.0,NA	1.0,NA,NA	-1.0
8579	"ENSG00000112787.14"	"FBRSL1"	chr12	+	132572287	132572344	132572287	132572338	132572526	132572622	8579	8,6,2	0,2,0	0,1,0	0,0,0	105	99	1	1.0	1.0,0.739,1.0	NA,1.0,NA	-0.087
8589	"ENSG00000159069.14"	"FBXW5"	chr9	-	136941754	136942466	136942099	136942466	136941536	136941684	8589	0,1,1	0,0,2	0,0,1	2,0,0	198	99	1	1.0	NA,1.0,0.2	0.0,NA,1.0	0.1
8590	"ENSG00000159069.14"	"FBXW5"	chr9	-	136942045	136942466	136942099	136942466	136941536	136941684	8590	0,2,7	0,0,2	0,1,1	2,0,0	153	99	1	1.0	NA,1.0,0.694	0.0,1.0,1.0	0.18
8593	"ENSG00000164970.15"	"FAM219A"	chr9	-	34405864	34405964	34405915	34405964	34402704	34402807	8593	0,0,1	0,1,0	0,0,1	0,0,0	150	99	1	1.0	NA,0.0,1.0	NA,NA,1.0	-0.5
8612	"ENSG00000120686.12"	"UFM1"	chr13	+	38349998	38350227	38349998	38350055	38354238	38354296	8612	0,1,0	0,0,2	0,0,0	0,0,1	198	99	1	1.0	NA,1.0,0.0	NA,NA,0.0	0.5
8657	"ENSG00000174547.13"	"MRPL11"	chr11	-	66438631	66438848	66438709	66438848	66438163	66438259	8657	0,0,2	0,0,0	0,0,1	0,2,0	177	99	1	1.0	NA,NA,1.0	NA,0.0,1.0	0.5
8664	"ENSG00000132305.22"	"IMMT"	chr2	-	86161951	86162079	86161975	86162079	86159535	86159671	8664	0,1,0	0,0,1	0,0,0	1,0,0	123	99	1	1.0	NA,1.0,0.0	0.0,NA,NA	0.5
8674	"ENSG00000198561.16"	"CTNND1"	chr11	+	57761796	57762119	57761796	57762046	57789036	57789155	8674	0,1,0	0,0,0	0,0,0	1,0,0	172	99	1	1.0	NA,1.0,NA	0.0,NA,NA	1.0
8725	"ENSG00000092199.19"	"HNRNPC"	chr14	-	21230957	21231072	21230996	21231072	21230318	21230366	8725	1,2,3	0,2,5	0,0,0	2,1,1	138	99	0.000837929650588	0.12708599700584666	1.0,0.418,0.301	0.0,0.0,0.0	0.573
8743	"ENSG00000213983.12"	"AP1G2"	chr14	-	23567596	23567783	23567738	23567783	23567110	23567319	8743	0,0,1	0,0,1	0,0,0	0,0,2	198	99	1	1.0	NA,NA,0.333	NA,NA,0.0	0.333
8745	"ENSG00000100889.12"	"PCK2"	chr14	+	24094310	24094845	24094310	24094434	24096891	24097137	8745	0,1,2	0,0,0	0,0,0	0,0,2	198	99	1	1.0	NA,1.0,1.0	NA,NA,0.0	1.0
