ID	GeneID	geneSymbol	chr	strand	1stExonStart_0base	1stExonEnd	2ndExonStart_0base	2ndExonEnd	upstreamES	upstreamEE	downstreamES	downstreamEE	ID	IJC_SAMPLE_1	SJC_SAMPLE_1	IJC_SAMPLE_2	SJC_SAMPLE_2	IncFormLen	SkipFormLen	PValue	FDR	IncLevel1	IncLevel2	IncLevelDifference
51	"ENSG00000147099.21"	"HDAC8"	chrX	-	72495155	72495268	72567888	72568030	72490928	72491006	72568753	72568884	51	0,0,2	0,1,0	0,2,0	0,0,0	198	198	1	1.0	NA,0.0,1.0	NA,1.0,NA	-0.5
53	"ENSG00000068400.14"	"GRIPAP1"	chrX	-	48978633	48978729	48980757	48980855	48978304	48978435	48981214	48981314	53	0,0,0	0,0,1	0,0,1	0,0,0	197	195	1	1.0	NA,NA,0.0	NA,NA,1.0	-1.0
54	"ENSG00000068400.14"	"GRIPAP1"	chrX	-	48978633	48978729	48980757	48980876	48978304	48978435	48981214	48981314	54	0,0,0	0,0,1	0,0,1	0,0,0	198	195	1	1.0	NA,NA,0.0	NA,NA,1.0	-1.0
55	"ENSG00000068400.14"	"GRIPAP1"	chrX	-	48981214	48981314	48981415	48981472	48978304	48978435	48981595	48981691	55	1,1,0	0,2,4	0,1,0	1,0,0	156	198	1	1.0	1.0,0.388,0.0	0.0,1.0,NA	-0.037
57	"ENSG00000068400.14"	"GRIPAP1"	chrX	-	48990925	48991102	48993427	48993578	48990684	48990732	48997249	48997357	57	0,5,3	1,9,8	0,0,0	1,0,0	198	198	1	1.0	0.0,0.357,0.273	0.0,NA,NA	0.21
58	"ENSG00000068400.14"	"GRIPAP1"	chrX	-	48990925	48991110	48993427	48993578	48990684	48990732	48997249	48997357	58	0,5,3	1,9,8	0,0,0	1,0,0	198	198	1	1.0	0.0,0.357,0.273	0.0,NA,NA	0.21
64	"ENSG00000215301.11"	"DDX3X"	chrX	+	41343215	41343351	41343736	41343822	41342736	41342836	41344029	41344128	64	0,0,2	0,0,4	4,2,0	0,0,0	198	185	1	1.0	NA,NA,0.318	1.0,1.0,NA	-0.682
65	"ENSG00000215301.11"	"DDX3X"	chrX	+	41343736	41343822	41344029	41344128	41343215	41343351	41344238	41344399	65	0,1,2	1,0,4	1,1,0	0,0,0	185	198	1	1.0	0.0,1.0,0.349	1.0,1.0,NA	-0.55
69	"ENSG00000131828.14"	"PDHA1"	chrX	+	19353081	19353173	19354490	19354583	19351280	19351407	19355348	19355504	69	0,0,2	0,0,0	0,0,0	0,0,2	191	192	1	1.0	NA,NA,1.0	NA,NA,0.0	1.0
75	"ENSG00000046651.16"	"OFD1"	chrX	+	13763744	13763855	13767126	13767284	13762343	13762444	13768053	13768224	75	0,2,6	1,3,11	0,0,0	2,0,0	198	198	1	1.0	0.0,0.4,0.353	0.0,NA,NA	0.251
92	"ENSG00000100393.15"	"EP300"	chr22	+	41141047	41141222	41146738	41146816	41140139	41140257	41147836	41147946	92	0,0,4	0,4,3	0,0,0	0,4,0	198	177	1	1.0	NA,0.0,0.544	NA,0.0,NA	0.272
94	"ENSG00000239900.14"	"ADSL"	chr22	+	40353072	40353117	40354247	40354327	40349831	40350035	40358863	40359035	94	0,0,2	0,4,0	0,0,0	0,1,0	144	179	1	1.0	NA,0.0,1.0	NA,0.0,NA	0.5
116	"ENSG00000183597.16"	"TANGO2"	chr22	+	20055942	20056013	20063337	20063442	20053436	20053551	20064541	20065925	116	1,0,0	0,0,0	0,0,0	0,0,1	170	198	1	1.0	1.0,NA,NA	NA,NA,0.0	1.0
117	"ENSG00000015475.19"	"BID"	chr22	-	17743802	17744013	17750104	17750174	17739348	17739488	17774380	17774495	117	0,2,0	0,1,0	4,0,0	0,0,0	169	198	1	1.0	NA,0.701,NA	1.0,NA,NA	-0.299
124	"ENSG00000157601.15"	"MX1"	chr21	+	41449136	41449295	41451166	41451243	41445999	41446141	41452620	41452869	124	0,0,2	0,0,1	0,0,1	0,0,1	198	176	1	1.0	NA,NA,0.64	NA,NA,0.471	0.169
138	"ENSG00000182670.14"	"TTC3"	chr21	+	37157160	37157214	37158130	37158203	37156654	37156906	37159698	37159745	138	0,0,2	0,0,2	0,2,0	0,0,0	153	172	1	1.0	NA,NA,0.529	NA,1.0,NA	-0.471
143	"ENSG00000142192.22"	"APP"	chr21	-	25997359	25997416	26000014	26000182	25982343	25982477	26021839	26022042	143	8,20,42	0,4,0	5,2,14	1,2,3	198	156	0.015664419999	0.7407032885241429	1.0,0.798,1.0	0.798,0.441,0.786	0.258
202	"ENSG00000101084.19"	"RAB5IF"	chr20	+	36607889	36608000	36609600	36609730	36607714	36607818	36612009	36612557	202	0,0,0	0,0,6	2,0,0	0,0,0	198	198	1	1.0	NA,NA,0.0	1.0,NA,NA	-1.0
203	"ENSG00000101084.19"	"RAB5IF"	chr20	+	36607889	36608000	36609600	36609758	36607714	36607818	36612009	36612557	203	0,0,0	0,0,4	2,0,0	0,0,0	198	198	1	1.0	NA,NA,0.0	1.0,NA,NA	-1.0
205	"ENSG00000131051.24"	"RBM39"	chr20	-	35739392	35739547	35740524	35740597	35738967	35739017	35740823	35740887	205	1,5,11	0,0,1	4,0,6	0,0,0	172	198	1	1.0	1.0,1.0,0.927	1.0,NA,1.0	-0.024
232	"ENSG00000078747.17"	"ITCH"	chr20	+	34393790	34393881	34408650	34408792	34369393	34369470	34412514	34412639	232	1,0,2	0,1,5	0,0,0	0,0,2	190	198	1	1.0	1.0,0.0,0.294	NA,NA,0.0	0.431
240	"ENSG00000039650.12"	"PNKP"	chr19	-	49862184	49862281	49862370	49862463	49862043	49862105	49862537	49862608	240	0,3,0	1,1,0	2,0,0	0,0,0	192	196	1	1.0	0.0,0.754,NA	1.0,NA,NA	-0.623
266	"ENSG00000076928.20"	"ARHGEF1"	chr19	+	41904948	41905036	41905174	41905261	41904215	41904383	41905759	41905827	266	0,2,0	1,5,0	0,0,0	2,0,1	187	186	1	1.0	0.0,0.285,NA	0.0,NA,0.0	0.142
280	"ENSG00000090006.18"	"LTBP4"	chr19	+	40616888	40617020	40617099	40617225	40614314	40614446	40619346	40619493	280	1,0,1	0,0,1	0,0,0	0,0,1	198	198	1	1.0	1.0,NA,0.5	NA,NA,0.0	0.75
281	"ENSG00000105197.11"	"TIMM50"	chr19	+	39482884	39482916	39485543	39485602	39481882	39482033	39485687	39485807	281	0,1,0	0,0,0	0,0,0	0,0,2	131	158	1	1.0	NA,1.0,NA	NA,NA,0.0	1.0
282	"ENSG00000130402.14"	"ACTN4"	chr19	+	38710256	38710342	38711275	38711361	38709394	38709476	38714468	38714561	282	0,3,0	0,0,1	11,1,1	0,0,0	185	185	1	1.0	NA,1.0,0.0	1.0,1.0,1.0	-0.5
311	"ENSG00000130733.11"	"YIPF2"	chr19	-	10927629	10927769	10927798	10927959	10925685	10925773	10928379	10928440	311	1,0,1	0,0,0	2,2,0	0,1,0	198	198	1	1.0	1.0,NA,1.0	1.0,0.667,NA	0.166
320	"ENSG00000060069.18"	"CTDP1"	chr18	+	79728906	79729069	79736354	79736521	79717809	79718016	79753651	79754503	320	0,0,3	0,1,0	3,0,0	0,0,0	198	198	1	1.0	NA,0.0,1.0	1.0,NA,NA	-0.5
325	"ENSG00000172175.16"	"MALT1"	chr18	+	58734306	58734381	58734450	58734566	58733396	58733574	58735201	58735329	325	0,0,1	0,1,0	0,0,1	0,0,0	174	198	1	1.0	NA,0.0,1.0	NA,NA,1.0	-0.5
340	"ENSG00000141644.19"	"MBD1"	chr18	-	50274185	50274353	50274976	50275045	50273563	50273863	50275128	50275245	340	1,5,1	0,1,4	0,2,0	0,0,0	168	198	1	1.0	1.0,0.855,0.228	NA,1.0,NA	-0.306
379	"ENSG00000175063.17"	"UBE2C"	chr20	+	45814383	45814470	45815540	45815745	45813436	45813464	45815853	45815913	379	0,0,2	0,0,2	3,1,1	1,0,2	186	198	1	1.0	NA,NA,0.516	0.762,1.0,0.347	-0.187
391	"ENSG00000101557.15"	"USP14"	chr18	+	166786	166819	178932	179037	163307	163453	180235	180339	391	0,0,0	0,1,0	0,3,0	0,0,0	132	198	1	1.0	NA,0.0,NA	NA,1.0,NA	-1.0
394	"ENSG00000183010.17"	"PYCR1"	chr17	-	81934325	81934489	81934652	81934745	81932383	81933376	81934925	81935147	394	2,0,0	0,0,0	0,0,0	0,0,2	192	198	1	1.0	1.0,NA,NA	NA,NA,0.0	1.0
395	"ENSG00000185624.16"	"P4HB"	chr17	-	81846946	81847068	81847242	81847347	81846428	81846629	81855141	81855279	395	8,1,3	6,3,7	2,1,4	2,4,5	198	198	0.783209304169	1.0	0.571,0.25,0.3	0.5,0.2,0.444	-0.008
401	"ENSG00000185339.10"	"TCN2"	chr22	+	30612872	30613042	30614348	30614501	30610870	30611063	30615300	30615473	401	0,0,1	0,0,0	0,0,0	1,0,0	198	198	1	1.0	NA,NA,1.0	0.0,NA,NA	1.0
403	"ENSG00000266714.11"	"MYO15B"	chr17	+	75616068	75616147	75616523	75616785	75615692	75615884	75616873	75616961	403	0,3,4	4,8,8	0,0,0	0,0,1	178	198	1	1.0	0.0,0.294,0.357	NA,NA,0.0	0.217
404	"ENSG00000125450.11"	"NUP85"	chr17	+	75218184	75218306	75225102	75225237	75215753	75215823	75225341	75225464	404	2,0,0	0,0,1	0,0,0	0,0,2	198	198	1	1.0	1.0,NA,0.0	NA,NA,0.0	0.5
410	"ENSG00000271605.6"	"MILR1"	chr17	+	64452596	64452866	64457399	64457684	64449313	64449355	64460821	64460932	410	0,0,3	0,2,3	0,0,2	0,0,0	198	198	1	1.0	NA,0.0,0.5	NA,NA,1.0	-0.75
417	"ENSG00000146872.19"	"TLK2"	chr17	+	62553662	62553755	62560015	62560126	62552301	62552397	62565000	62565137	417	0,0,4	0,0,2	0,0,0	2,0,0	192	198	1	1.0	NA,NA,0.673	0.0,NA,NA	0.673
420	"ENSG00000108848.16"	"LUC7L3"	chr17	+	50737286	50737479	50738140	50738199	50736959	50737026	50740305	50740345	420	2,2,2	0,0,1	0,0,1	0,0,0	198	158	1	1.0	1.0,1.0,0.615	NA,NA,1.0	-0.128
423	"ENSG00000159210.10"	"SNF8"	chr17	-	48933204	48933346	48940923	48941062	48931642	48931717	48943924	48943975	423	0,0,1	0,1,0	0,0,0	0,1,0	198	198	1	1.0	NA,0.0,1.0	NA,0.0,NA	0.5
438	"ENSG00000108799.13"	"EZH1"	chr17	-	42722794	42722915	42724304	42724424	42720272	42720449	42727634	42727763	438	0,1,1	2,1,6	0,0,0	1,0,0	198	198	1	1.0	0.0,0.5,0.143	0.0,NA,NA	0.214
439	"ENSG00000108799.13"	"EZH1"	chr17	-	42722794	42722915	42727634	42727763	42720272	42720449	42728824	42728952	439	0,0,0	2,0,6	1,0,0	1,0,0	198	198	1	1.0	0.0,NA,0.0	0.5,NA,NA	-0.5
455	"ENSG00000275700.6"	"AATF"	chr17	+	36953769	36953907	36986616	36986731	36952885	36953296	36988518	36988720	455	1,3,6	0,0,1	0,0,1	1,0,0	198	198	1	1.0	1.0,1.0,0.857	0.0,NA,1.0	0.452
470	"ENSG00000175662.18"	"TOM1L2"	chr17	-	17882704	17882863	17884633	17884768	17879626	17879743	17893660	17893810	470	0,0,1	0,2,2	0,2,0	0,0,0	198	198	1	1.0	NA,0.0,0.333	NA,1.0,NA	-0.834
488	"ENSG00000141252.21"	"VPS53"	chr17	-	628087	628231	631549	631628	627173	627316	653290	653410	488	0,2,0	0,0,1	3,0,0	0,0,0	178	198	1	1.0	NA,1.0,0.0	1.0,NA,NA	-0.5
505	"ENSG00000118705.18"	"RPN2"	chr20	+	37198396	37198492	37199049	37199225	37184179	37184373	37203884	37203960	505	0,2,3	0,2,6	1,0,1	1,0,2	195	198	1	1.0	NA,0.504,0.337	0.504,NA,0.337	0.0
515	"ENSG00000168411.14"	"RFWD3"	chr16	-	74651919	74652122	74660931	74661451	74649131	74649202	74664623	74664745	515	0,0,1	0,2,2	1,0,0	0,0,0	198	198	1	1.0	NA,0.0,0.333	1.0,NA,NA	-0.834
520	"ENSG00000132600.18"	"PRMT7"	chr16	+	68315896	68316074	68321425	68321462	68312041	68312176	68324682	68324832	520	0,1,1	0,0,1	0,0,0	1,0,0	198	136	1	1.0	NA,1.0,0.407	0.0,NA,NA	0.704
521	"ENSG00000132600.18"	"PRMT7"	chr16	+	68321425	68321462	68324682	68324832	68315896	68316074	68329065	68329174	521	1,0,0	0,0,0	1,0,0	0,0,1	136	198	1	1.0	1.0,NA,NA	1.0,NA,0.0	0.5
522	"ENSG00000132600.18"	"PRMT7"	chr16	+	68324682	68324832	68329065	68329174	68321425	68321462	68337458	68337571	522	1,1,1	1,1,1	1,0,1	0,0,0	198	198	1	1.0	0.5,0.5,0.5	1.0,NA,1.0	-0.5
533	"ENSG00000135720.13"	"DYNC1LI2"	chr16	-	66742437	66742668	66749196	66749313	66736074	66736244	66751272	66751346	533	1,0,2	0,0,1	0,0,1	0,0,1	198	198	1	1.0	1.0,NA,0.667	NA,NA,0.5	0.334
534	"ENSG00000254788.7"	"CKLF-CMTM1"	chr16	+	66558189	66558348	66563121	66563217	66552678	66552793	66577103	66577202	534	0,1,1	0,0,1	0,0,3	1,0,0	198	195	1	1.0	NA,1.0,0.496	0.0,NA,1.0	0.248
537	"ENSG00000005194.15"	"CIAPIN1"	chr16	-	57431150	57431266	57432486	57432560	57430257	57430339	57434043	57434212	537	0,0,1	0,0,0	0,0,0	0,0,3	173	198	1	1.0	NA,NA,1.0	NA,NA,0.0	1.0
545	"ENSG00000290927.1"	"ENSG00000290927"	chr16	+	31705671	31705792	31705889	31706034	31705348	31705472	31706890	31707437	545	2,0,4	1,0,0	2,0,2	0,0,0	198	198	1	1.0	0.667,NA,1.0	1.0,NA,1.0	-0.166
546	"ENSG00000196839.14"	"ADA"	chr20	-	44623006	44623078	44626455	44626599	44622828	44622930	44629046	44629169	546	0,0,1	0,0,0	0,0,1	0,0,4	198	171	1	1.0	NA,NA,1.0	NA,NA,0.178	0.822
552	"ENSG00000188603.22"	"CLN3"	chr16	-	28487661	28487741	28489289	28489386	28487455	28487541	28491481	28491560	552	1,1,1	0,0,3	2,1,0	0,0,0	196	179	1	1.0	1.0,1.0,0.233	1.0,1.0,NA	-0.256
571	"ENSG00000122390.19"	"NAA60"	chr16	+	3479470	3479600	3482501	3482598	3476221	3476337	3483362	3483597	571	1,2,2	0,0,0	0,0,0	1,0,0	198	196	1	1.0	1.0,1.0,1.0	0.0,NA,NA	1.0
572	"ENSG00000008517.19"	"IL32"	chr16	+	3067376	3067415	3067442	3067613	3065783	3065826	3067983	3068010	572	0,0,0	0,0,2	0,0,2	0,0,0	138	198	1	1.0	NA,NA,0.0	NA,NA,1.0	-1.0
585	"ENSG00000007541.17"	"PIGQ"	chr16	+	580182	580263	580857	580972	579068	579180	582247	582309	585	2,0,1	0,0,1	0,0,1	0,0,0	180	198	1	1.0	1.0,NA,0.524	NA,NA,1.0	-0.238
611	"ENSG00000041357.16"	"PSMA4"	chr15	+	78542176	78542219	78542482	78542645	78541904	78541930	78544189	78544267	611	0,2,0	0,0,0	0,0,3	0,1,0	142	198	1	1.0	NA,1.0,NA	NA,0.0,1.0	0.5
612	"ENSG00000041357.16"	"PSMA4"	chr15	+	78542482	78542645	78544189	78544267	78542176	78542219	78544868	78544957	612	1,0,0	1,0,0	2,0,0	0,0,3	198	177	1	1.0	0.472,NA,NA	1.0,NA,0.0	-0.028
615	"ENSG00000168872.17"	"DDX19A"	chr16	+	70356111	70356247	70361417	70361510	70355484	70355535	70364542	70364645	615	0,2,5	0,0,0	0,0,0	0,0,2	198	192	1	1.0	NA,1.0,1.0	NA,NA,0.0	1.0
617	"ENSG00000213614.11"	"HEXA"	chr15	-	72346526	72346710	72347685	72347758	72345445	72346325	72348047	72348134	617	1,0,0	3,0,0	0,0,0	0,1,0	172	198	1	1.0	0.277,NA,NA	NA,0.0,NA	0.277
619	"ENSG00000067225.21"	"PKM"	chr15	-	72202453	72202620	72203021	72203188	72200473	72200655	72206727	72206880	619	0,0,0	5,9,8	4,0,2	25,8,48	198	198	0.0654161671653	1.0	0.0,0.0,0.0	0.138,0.0,0.04	-0.059
657	"ENSG00000203485.14"	"INF2"	chr14	+	104706909	104707051	104707252	104708002	104706034	104706176	104708435	104708587	657	0,0,1	0,3,5	0,0,0	2,0,4	198	198	1	1.0	NA,0.0,0.167	0.0,NA,0.0	0.084
658	"ENSG00000203485.14"	"INF2"	chr14	+	104706909	104707051	104707847	104708002	104706034	104706176	104708435	104708587	658	0,0,1	0,3,5	0,0,0	2,0,4	198	198	1	1.0	NA,0.0,0.167	0.0,NA,0.0	0.084
662	"ENSG00000075413.19"	"MARK3"	chr14	+	103428386	103428440	103448918	103448967	103405075	103405267	103451917	103451983	662	0,0,1	0,0,0	0,0,1	1,0,0	153	148	1	1.0	NA,NA,1.0	0.0,NA,1.0	0.5
663	"ENSG00000075413.19"	"MARK3"	chr14	+	103428386	103428440	103451917	103451983	103405075	103405267	103457141	103457212	663	0,0,1	0,0,3	0,0,1	0,0,0	153	165	1	1.0	NA,NA,0.264	NA,NA,1.0	-0.736
722	"ENSG00000100722.20"	"ZC3H14"	chr14	+	88568038	88568153	88571083	88571124	88563650	88563693	88572029	88572225	722	0,1,3	0,0,0	0,0,0	0,2,0	198	140	1	1.0	NA,1.0,1.0	NA,0.0,NA	1.0
748	"ENSG00000100591.8"	"AHSA1"	chr14	+	77462641	77462759	77468082	77468184	77462159	77462242	77469076	77469470	748	0,0,3	1,0,0	2,0,0	0,0,0	198	198	1	1.0	0.0,NA,1.0	1.0,NA,NA	-0.5
749	"ENSG00000100577.19"	"GSTZ1"	chr14	+	77327471	77327552	77327911	77328037	77326837	77326905	77329122	77329201	749	0,0,0	0,0,1	0,2,0	0,0,0	180	198	1	1.0	NA,NA,0.0	NA,1.0,NA	-1.0
760	"ENSG00000072110.16"	"ACTN1"	chr14	-	68878457	68878523	68878988	68879069	68877081	68877240	68879961	68880108	760	1,0,0	0,0,2	0,0,4	0,0,0	180	165	1	1.0	1.0,NA,0.0	NA,NA,1.0	-0.5
776	"ENSG00000112715.26"	"VEGFA"	chr6	+	43778459	43778536	43782010	43782087	43777468	43777665	43784540	43784562	776	2,0,0	0,0,0	0,4,2	1,0,0	176	176	1	1.0	1.0,NA,NA	0.0,1.0,1.0	0.333
777	"ENSG00000112715.26"	"VEGFA"	chr6	+	43780731	43780803	43781955	43782052	43778888	43778918	43784540	43784562	777	0,2,0	2,0,0	2,0,0	0,0,0	171	196	1	1.0	0.0,1.0,NA	1.0,NA,NA	-0.5
799	"ENSG00000100292.18"	"HMOX1"	chr22	+	35386684	35387176	35389863	35389963	35383105	35383226	35393467	35394207	799	0,0,1	1,0,0	0,0,1	0,0,1	198	198	1	1.0	0.0,NA,1.0	NA,NA,0.5	0.0
816	"ENSG00000075711.21"	"DLG1"	chr3	-	197075836	197075870	197076585	197076682	197069218	197069260	197081050	197081117	816	0,1,0	0,0,1	0,0,2	4,0,0	196	133	1	1.0	NA,1.0,0.0	0.0,NA,1.0	0.0
817	"ENSG00000075711.21"	"DLG1"	chr3	-	197075836	197075870	197076585	197076685	197069218	197069260	197081050	197081117	817	0,0,0	0,0,1	0,0,2	4,0,0	198	133	1	1.0	NA,NA,0.0	0.0,NA,1.0	-0.5
818	"ENSG00000075711.21"	"DLG1"	chr3	-	197076585	197076685	197081050	197081117	197075836	197075870	197085579	197085756	818	0,0,1	0,0,1	3,0,1	0,0,0	166	198	1	1.0	NA,NA,0.544	1.0,NA,1.0	-0.456
851	"ENSG00000173575.24"	"CHD2"	chr15	+	92956458	92956649	92967324	92967513	92955422	92955512	92971764	92971927	851	0,0,10	0,2,7	1,0,0	0,0,0	198	198	1	1.0	NA,0.0,0.588	1.0,NA,NA	-0.706
852	"ENSG00000173575.24"	"CHD2"	chr15	+	92991346	92991430	92991475	92991517	92985497	92985673	92992858	92992998	852	0,0,1	3,4,10	0,0,0	0,0,1	183	141	1	1.0	0.0,0.0,0.072	NA,NA,0.0	0.024
855	"ENSG00000070756.17"	"PABPC1"	chr8	-	100712361	100712457	100712651	100712789	100709458	100709731	100713086	100713181	855	14,21,64	3,5,16	3,3,11	3,0,6	198	195	0.546607535781	1.0	0.821,0.805,0.798	0.496,1.0,0.644	0.095
874	"ENSG00000113522.14"	"RAD50"	chr5	+	132591223	132591406	132591876	132592034	132589630	132589837	132594868	132595044	874	0,0,2	0,0,2	0,0,1	1,0,0	198	198	1	1.0	NA,NA,0.5	0.0,NA,1.0	0.0
879	"ENSG00000168002.12"	"POLR2G"	chr11	+	62762541	62762866	62762866	62763026	62761794	62761904	62765181	62765232	879	0,0,1	0,0,2	0,0,0	2,0,3	198	198	1	1.0	NA,NA,0.333	0.0,NA,0.0	0.333
886	"ENSG00000138698.15"	"RAP1GDS1"	chr4	+	98343138	98343261	98352475	98352601	98293407	98293515	98391951	98392080	886	0,3,4	0,0,0	0,0,0	0,1,0	198	198	1	1.0	NA,1.0,1.0	NA,0.0,NA	1.0
897	"ENSG00000164172.20"	"MOCS2"	chr5	-	53101358	53101509	53102096	53102224	53100410	53100534	53107076	53107221	897	0,0,0	0,0,4	0,0,1	0,0,0	198	198	1	1.0	NA,NA,0.0	NA,NA,1.0	-1.0
905	"ENSG00000125347.15"	"IRF1"	chr5	-	132485666	132485716	132486250	132486373	132484361	132484497	132486556	132486686	905	0,0,2	0,0,0	0,0,3	0,0,1	198	149	1	1.0	NA,NA,1.0	NA,NA,0.693	0.307
907	"ENSG00000132676.16"	"DAP3"	chr1	+	155717005	155717128	155721516	155721618	155709772	155709824	155725381	155725490	907	0,0,0	0,0,3	1,0,0	0,0,0	198	198	1	1.0	NA,NA,0.0	1.0,NA,NA	-1.0
908	"ENSG00000132676.16"	"DAP3"	chr1	+	155731943	155732033	155736945	155737063	155731355	155731415	155738156	155738529	908	0,1,3	0,0,1	0,0,1	0,0,0	189	198	1	1.0	NA,1.0,0.759	NA,NA,1.0	-0.121
917	"ENSG00000198771.11"	"RCSD1"	chr1	+	167685420	167685510	167690048	167690120	167683899	167684001	167694098	167694302	917	0,6,2	0,1,0	0,0,2	0,0,0	189	171	1	1.0	NA,0.844,1.0	NA,NA,1.0	-0.078
998	"ENSG00000127463.16"	"EMC1"	chr1	-	19243949	19244015	19244905	19245030	19243613	19243707	19251414	19251522	998	1,1,0	1,1,0	0,2,0	0,1,0	198	165	1	1.0	0.455,0.455,NA	NA,0.625,NA	-0.17
1010	"ENSG00000173039.20"	"RELA"	chr11	-	65660123	65660215	65661686	65661835	65659665	65659797	65661936	65662088	1010	0,0,0	0,2,0	0,1,3	3,1,0	198	191	1	1.0	NA,0.0,NA	0.0,0.491,1.0	-0.497
1011	"ENSG00000173039.20"	"RELA"	chr11	-	65661686	65661835	65661936	65662088	65660123	65660215	65662178	65662205	1011	0,2,2	0,0,0	0,1,2	0,0,1	198	198	1	1.0	NA,1.0,1.0	NA,1.0,0.667	0.166
1018	"ENSG00000170445.16"	"HARS1"	chr5	-	140677907	140678015	140683099	140683219	140677654	140677753	140690854	140690944	1018	1,1,0	0,1,1	3,0,0	0,0,0	198	198	1	1.0	1.0,0.5,0.0	1.0,NA,NA	-0.5
1044	"ENSG00000198625.14"	"MDM4"	chr1	+	204526359	204526434	204537458	204537497	204525483	204525596	204538208	204538308	1044	0,1,4	0,1,0	0,0,1	0,0,0	174	138	1	1.0	NA,0.442,1.0	NA,NA,1.0	-0.279
1045	"ENSG00000108840.16"	"HDAC5"	chr17	-	44092171	44092284	44092380	44092527	44091699	44091831	44092675	44092806	1045	0,0,0	0,0,2	0,0,2	1,0,0	198	198	1	1.0	NA,NA,0.0	0.0,NA,1.0	-0.5
1053	"ENSG00000164111.15"	"ANXA5"	chr4	-	121684676	121684771	121686287	121686372	121683363	121683477	121696580	121696624	1053	0,9,7	1,2,0	2,0,7	2,7,2	184	194	0.0098578603475	0.5438252958370834	0.0,0.826,1.0	0.513,0.0,0.787	0.175
1069	"ENSG00000115355.18"	"CCDC88A"	chr2	-	55355578	55355751	55362307	55362448	55349517	55349599	55363949	55364033	1069	0,2,6	2,6,20	0,0,0	0,0,2	198	198	1	1.0	0.0,0.25,0.231	NA,NA,0.0	0.16
1075	"ENSG00000197912.16"	"SPG7"	chr16	+	89536764	89536948	89540943	89541346	89532462	89532636	89544647	89544772	1075	1,0,0	2,0,1	4,0,0	4,0,0	198	198	1	1.0	0.333,NA,0.0	0.5,NA,NA	-0.334
1076	"ENSG00000197912.16"	"SPG7"	chr16	+	89536764	89536948	89540943	89541384	89532462	89532636	89544647	89544772	1076	1,0,0	2,0,1	4,0,0	4,0,0	198	198	1	1.0	0.333,NA,0.0	0.5,NA,NA	-0.334
1077	"ENSG00000197912.16"	"SPG7"	chr16	+	89536764	89536948	89540943	89542279	89532462	89532636	89544647	89544772	1077	1,0,0	2,0,1	4,0,0	4,0,0	198	198	1	1.0	0.333,NA,0.0	0.5,NA,NA	-0.334
1084	"ENSG00000113712.19"	"CSNK1A1"	chr5	-	149525044	149525171	149531393	149531511	149520289	149520388	149550074	149550181	1084	0,0,0	2,9,14	0,8,0	1,1,5	198	198	0.0242002541691	1.0	0.0,0.0,0.0	0.0,0.889,0.0	-0.296
1087	"ENSG00000120697.10"	"ALG5"	chr13	-	36985626	36985740	36989483	36989576	36971976	36972036	36993603	36993672	1087	0,0,0	1,0,0	0,0,2	0,2,0	192	198	1	1.0	0.0,NA,NA	NA,0.0,1.0	-0.5
1125	"ENSG00000140416.25"	"TPM1"	chr15	+	63043705	63043831	63044026	63044152	63042757	63042943	63056984	63057118	1125	0,1,1	24,30,30	0,0,2	46,66,76	198	198	1	1.0	0.0,0.032,0.032	0.0,0.0,0.026	0.013
1126	"ENSG00000140416.25"	"TPM1"	chr15	+	63061197	63061273	63061712	63061788	63060868	63060939	63062214	63062277	1126	3,7,16	25,21,27	16,4,13	61,41,44	175	175	0.314472145767	1.0	0.107,0.25,0.372	0.208,0.089,0.228	0.068
1133	"ENSG00000072682.20"	"P4HA2"	chr5	-	132198205	132198271	132198320	132198380	132195411	132195480	132198878	132198932	1133	0,0,1	0,1,2	3,0,2	0,0,0	159	165	1	1.0	NA,0.0,0.342	1.0,NA,1.0	-0.829
1136	"ENSG00000131778.20"	"CHD1L"	chr1	+	147259836	147259918	147264421	147264584	147256530	147256562	147265931	147266087	1136	1,1,3	0,1,1	0,0,0	0,0,1	181	198	1	1.0	1.0,0.522,0.766	NA,NA,0.0	0.763
1173	"ENSG00000072274.14"	"TFRC"	chr3	-	196073929	196074125	196075158	196075360	196072002	196072152	196077063	196077122	1173	0,0,3	0,1,2	1,1,0	0,0,0	198	198	1	1.0	NA,0.0,0.6	1.0,1.0,NA	-0.7
1181	"ENSG00000090615.16"	"GOLGA3"	chr12	-	132780797	132780914	132782295	132782493	132777665	132777805	132784163	132784307	1181	5,2,3	1,1,0	0,0,2	0,0,0	198	198	1	1.0	0.833,0.667,1.0	NA,NA,1.0	-0.167
1190	"ENSG00000134014.18"	"ELP3"	chr8	+	28097218	28097318	28099827	28099966	28093066	28093233	28106712	28106783	1190	2,1,1	0,0,1	0,0,0	0,0,1	198	198	1	1.0	1.0,1.0,0.5	NA,NA,0.0	0.833
1199	"ENSG00000138750.16"	"NUP54"	chr4	-	76136185	76136412	76144148	76144292	76134174	76134362	76144389	76144473	1199	0,2,1	0,0,0	0,0,0	0,0,1	198	198	1	1.0	NA,1.0,1.0	NA,NA,0.0	1.0
1215	"ENSG00000128908.19"	"INO80"	chr15	-	41016087	41016215	41020899	41021125	41005592	41005687	41027595	41027736	1215	0,1,2	0,0,0	0,0,0	1,0,0	198	198	1	1.0	NA,1.0,1.0	0.0,NA,NA	1.0
1219	"ENSG00000108061.13"	"SHOC2"	chr10	+	110985627	110985765	111000414	111000545	110964124	110965061	111004605	111004794	1219	0,3,2	0,0,1	0,0,2	0,0,0	198	198	1	1.0	NA,1.0,0.667	NA,NA,1.0	-0.166
1238	"ENSG00000133706.20"	"LARS1"	chr5	-	146168127	146168265	146171909	146171990	146164309	146164471	146172686	146172774	1238	0,2,0	0,0,3	0,0,1	0,0,0	180	198	1	1.0	NA,1.0,0.0	NA,NA,1.0	-0.5
1259	"ENSG00000111906.18"	"HDDC2"	chr6	-	125292840	125292909	125298649	125298816	125277101	125277240	125300537	125300659	1259	0,3,0	0,1,2	0,0,0	0,1,0	198	168	1	1.0	NA,0.718,0.0	NA,0.0,NA	0.359
1261	"ENSG00000010810.18"	"FYN"	chr6	-	111699514	111699670	111700103	111700268	111696276	111696456	111702884	111703034	1261	0,0,0	6,0,0	2,0,1	0,0,0	198	198	1	1.0	0.0,NA,NA	1.0,NA,1.0	-1.0
1273	"ENSG00000163870.16"	"TPRA1"	chr3	-	127575402	127575505	127575748	127575809	127575184	127575265	127575939	127576050	1273	0,0,0	0,2,2	1,0,0	1,0,2	160	198	1	1.0	NA,0.0,0.0	0.553,NA,0.0	-0.277
1274	"ENSG00000169032.11"	"MAP2K1"	chr15	+	66436745	66436892	66443279	66443357	66435026	66435237	66444655	66444707	1274	1,2,1	0,1,0	4,0,0	2,0,2	198	177	1	1.0	1.0,0.641,1.0	0.641,NA,0.0	0.56
1275	"ENSG00000169032.11"	"MAP2K1"	chr15	+	66481754	66481879	66484993	66485191	66444655	66444707	66487227	66487292	1275	1,1,0	0,0,0	2,0,2	1,0,2	198	198	1	1.0	1.0,1.0,NA	0.667,NA,0.5	0.416
1281	"ENSG00000173193.15"	"PARP14"	chr3	+	122699389	122701635	122703741	122703978	122695425	122695662	122704526	122704748	1281	0,3,1	0,0,2	3,0,1	0,0,0	198	198	1	1.0	NA,1.0,0.333	1.0,NA,1.0	-0.334
1283	"ENSG00000173230.17"	"GOLGB1"	chr3	-	121693740	121698929	121702480	121702595	121690669	121692581	121714860	121714976	1283	0,0,4	0,0,2	0,0,0	0,0,1	198	198	1	1.0	NA,NA,0.667	NA,NA,0.0	0.667
1284	"ENSG00000173230.17"	"GOLGB1"	chr3	-	121719645	121719768	121722261	121722376	121718387	121718501	121726912	121727041	1284	0,1,0	0,0,0	0,0,0	0,0,1	198	198	1	1.0	NA,1.0,NA	NA,NA,0.0	1.0
1285	"ENSG00000173230.17"	"GOLGB1"	chr3	-	121719645	121719768	121722261	121722378	121718387	121718501	121726912	121727041	1285	0,2,6	0,0,0	0,0,0	0,0,1	198	198	1	1.0	NA,1.0,1.0	NA,NA,0.0	1.0
1287	"ENSG00000105486.15"	"LIG1"	chr19	-	48151231	48151336	48153871	48153967	48150087	48150210	48157013	48157140	1287	0,1,0	0,0,0	0,0,0	0,0,2	195	198	1	1.0	NA,1.0,NA	NA,NA,0.0	1.0
1288	"ENSG00000105486.15"	"LIG1"	chr19	-	48151231	48151339	48153871	48153967	48150087	48150210	48157013	48157140	1288	0,1,0	0,0,0	0,0,0	0,0,2	195	198	1	1.0	NA,1.0,NA	NA,NA,0.0	1.0
1331	"ENSG00000108654.16"	"DDX5"	chr17	-	64504221	64504318	64504676	64504842	64503982	64504116	64506075	64506289	1331	12,27,65	0,11,23	2,0,3	1,0,2	198	196	1	1.0	1.0,0.708,0.737	0.664,NA,0.598	0.184
1347	"ENSG00000115091.12"	"ACTR3"	chr2	+	113916883	113917008	113927344	113927455	113913171	113913227	113931300	113931396	1347	0,3,3	1,0,1	0,0,7	2,0,1	198	198	1	1.0	0.0,1.0,0.75	0.0,NA,0.875	0.146
1349	"ENSG00000107890.17"	"ANKRD26"	chr10	-	27043425	27043567	27044156	27044190	27039964	27040178	27046352	27046520	1349	0,0,2	0,0,3	0,0,0	0,2,0	133	198	1	1.0	NA,NA,0.498	NA,0.0,NA	0.498
1372	"ENSG00000177058.12"	"SLC38A9"	chr5	-	55672562	55672695	55697845	55697992	55669757	55669879	55711451	55711499	1372	0,0,1	0,0,0	0,0,0	1,0,0	198	198	1	1.0	NA,NA,1.0	0.0,NA,NA	1.0
1437	"ENSG00000076685.19"	"NT5C2"	chr10	-	103111744	103111805	103139405	103139479	103106588	103106706	103174857	103174982	1437	0,0,4	0,0,0	0,0,0	0,0,2	173	160	1	1.0	NA,NA,1.0	NA,NA,0.0	1.0
1439	"ENSG00000138760.11"	"SCARB2"	chr4	-	76175790	76175910	76176436	76176528	76174143	76174313	76179516	76179705	1439	0,0,2	1,0,0	0,0,1	0,0,0	191	198	1	1.0	0.0,NA,1.0	NA,NA,1.0	-0.5
1450	"ENSG00000128708.13"	"HAT1"	chr2	+	171946707	171946783	171952880	171953001	171925536	171925641	171965337	171965517	1450	0,1,0	0,0,0	0,0,0	0,0,1	175	198	1	1.0	NA,1.0,NA	NA,NA,0.0	1.0
1478	"ENSG00000186470.14"	"BTN3A2"	chr6	+	26370321	26370603	26372896	26373097	26368720	26368912	26373275	26373296	1478	0,0,1	0,1,0	0,0,1	1,0,2	198	198	1	1.0	NA,0.0,1.0	0.0,NA,0.333	0.334
1486	"ENSG00000177479.20"	"ARIH2"	chr3	+	48924717	48924839	48927461	48927813	48922747	48922811	48961611	48961679	1486	0,0,0	0,0,1	8,0,0	0,0,0	198	198	1	1.0	NA,NA,0.0	1.0,NA,NA	-1.0
1493	"ENSG00000215021.10"	"PHB2"	chr12	-	6968410	6968595	6969497	6969577	6967891	6968021	6970195	6970280	1493	3,0,1	0,1,0	0,0,2	2,0,1	179	198	1	1.0	1.0,0.0,1.0	0.0,NA,0.689	0.322
1494	"ENSG00000215021.10"	"PHB2"	chr12	-	6968410	6968708	6969497	6969577	6967891	6968021	6970195	6970280	1494	3,0,1	0,1,0	0,0,2	2,0,1	179	198	1	1.0	1.0,0.0,1.0	0.0,NA,0.689	0.322
1521	"ENSG00000102878.18"	"HSF4"	chr16	+	67167474	67167599	67167823	67167947	67167119	67167222	67168830	67168936	1521	2,0,0	0,0,0	0,0,0	10,0,0	198	198	1	1.0	1.0,NA,NA	0.0,NA,NA	1.0
1528	"ENSG00000127990.19"	"SGCE"	chr7	-	94599696	94599723	94600645	94600857	94598774	94598963	94603289	94603452	1528	0,0,0	0,2,0	0,0,1	0,0,1	198	126	1	1.0	NA,0.0,NA	NA,NA,0.389	-0.389
1533	"ENSG00000177830.18"	"CHID1"	chr11	-	884067	884169	893426	893519	883147	883303	899339	899401	1533	0,0,3	2,0,0	1,0,1	0,0,0	192	198	1	1.0	0.0,NA,1.0	1.0,NA,1.0	-0.5
1558	"ENSG00000117054.15"	"ACADM"	chr1	+	75749418	75749559	75750450	75750546	75745805	75745914	75761121	75761370	1558	0,0,1	0,0,1	0,0,2	0,0,1	198	195	1	1.0	NA,NA,0.496	NA,NA,0.663	-0.167
1563	"ENSG00000104218.16"	"CSPP1"	chr8	+	67103036	67103135	67105568	67105661	67095292	67095732	67105904	67105975	1563	0,0,2	0,0,0	0,0,0	0,2,0	198	192	1	1.0	NA,NA,1.0	NA,0.0,NA	1.0
1575	"ENSG00000234741.10"	"GAS5"	chr1	-	173864483	173864506	173864674	173864704	173864256	173864304	173865228	173865282	1575	0,2,0	0,0,1	0,0,1	0,0,1	129	122	1	1.0	NA,1.0,0.0	NA,NA,0.486	0.014
1579	"ENSG00000234741.10"	"GAS5"	chr1	-	173865228	173865282	173865470	173865547	173864674	173864704	173865856	173865894	1579	1,3,1	3,0,0	1,1,0	1,0,0	176	153	1	1.0	0.225,1.0,1.0	0.465,1.0,NA	0.009
1580	"ENSG00000234741.10"	"GAS5"	chr1	-	173865228	173865282	173865509	173865547	173864674	173864704	173865856	173865894	1580	1,3,1	3,0,0	1,1,0	1,0,0	137	153	1	1.0	0.271,1.0,1.0	0.528,1.0,NA	-0.007
1581	"ENSG00000234741.10"	"GAS5"	chr1	-	173865470	173865547	173866527	173866567	173865228	173865282	173866760	173866796	1581	2,0,4	0,0,2	0,4,2	0,0,0	139	176	1	1.0	1.0,NA,0.717	NA,1.0,1.0	-0.141
1582	"ENSG00000234741.10"	"GAS5"	chr1	-	173865856	173865894	173866527	173866567	173865470	173865547	173866760	173866796	1582	2,0,4	0,4,2	0,4,2	2,0,0	139	137	0.0700427425473	1.0	1.0,0.0,0.663	0.0,1.0,1.0	-0.112
1583	"ENSG00000234741.10"	"GAS5"	chr1	-	173866176	173866206	173866760	173866796	173865856	173865894	173866990	173867043	1583	0,0,0	0,1,0	0,2,0	0,1,1	135	129	1	1.0	NA,0.0,NA	NA,0.656,0.0	-0.328
1603	"ENSG00000114054.14"	"PCCB"	chr3	+	136256554	136256623	136260478	136260535	136255855	136255975	136261951	136262065	1603	0,1,1	0,0,0	0,0,0	0,0,1	168	156	1	1.0	NA,1.0,1.0	NA,NA,0.0	1.0
1608	"ENSG00000060971.19"	"ACAA1"	chr3	-	38131925	38132005	38133951	38134009	38129289	38129388	38136591	38136685	1608	0,0,0	0,0,2	2,0,0	0,0,0	157	179	1	1.0	NA,NA,0.0	1.0,NA,NA	-1.0
1623	"ENSG00000136717.15"	"BIN1"	chr2	-	127051153	127051243	127057472	127057601	127050801	127050912	127059010	127059155	1623	0,1,2	0,0,0	0,0,0	2,0,0	198	189	1	1.0	NA,1.0,1.0	0.0,NA,NA	1.0
1658	"ENSG00000057935.14"	"MTA3"	chr2	+	42609457	42609584	42640172	42640236	42579106	42579200	42644126	42644244	1658	0,1,1	0,0,0	0,0,0	2,0,0	198	163	1	1.0	NA,1.0,1.0	0.0,NA,NA	1.0
1700	"ENSG00000133313.15"	"CNDP2"	chr18	+	74505848	74506011	74510812	74511013	74501328	74501472	74512447	74512532	1700	2,6,3	0,0,0	2,0,5	0,2,3	198	198	0.00664288727654	0.43975913770694797	1.0,1.0,1.0	1.0,0.0,0.625	0.458
1710	"ENSG00000117335.21"	"CD46"	chr1	+	207767778	207767823	207770320	207770362	207767012	207767195	207783291	207783330	1710	0,0,1	0,0,1	0,0,2	2,0,0	144	141	1	1.0	NA,NA,0.495	0.0,NA,1.0	-0.005
1717	"ENSG00000163131.12"	"CTSS"	chr1	-	150750005	150750171	150751780	150752008	150747776	150747879	150755000	150755150	1717	0,1,2	0,2,3	0,1,0	0,0,1	198	198	1	1.0	NA,0.333,0.4	NA,1.0,0.0	-0.133
1718	"ENSG00000163131.12"	"CTSS"	chr1	-	150751780	150752008	150755000	150755150	150750005	150750171	150757857	150757980	1718	1,2,8	0,1,0	0,0,0	2,1,0	198	198	1	1.0	1.0,0.667,1.0	0.0,0.0,NA	0.889
1733	"ENSG00000116754.14"	"SRSF11"	chr1	+	70231094	70231203	70231858	70231975	70228421	70228555	70232267	70232377	1733	0,0,1	0,0,3	1,0,0	0,0,0	198	198	1	1.0	NA,NA,0.25	1.0,NA,NA	-0.75
1740	"ENSG00000147140.17"	"NONO"	chrX	+	71294226	71294348	71296564	71296660	71291778	71291972	71296850	71297047	1740	2,2,2	0,2,2	4,1,0	0,0,1	198	195	0.080069132346	1.0	1.0,0.496,0.496	1.0,1.0,0.0	-0.003
1742	"ENSG00000174574.16"	"AKIRIN1"	chr1	+	38998170	38998311	39000971	39001106	38991287	38991600	39003346	39003418	1742	0,0,0	0,1,3	2,0,0	0,0,0	198	198	1	1.0	NA,0.0,0.0	1.0,NA,NA	-1.0
1759	"ENSG00000137210.14"	"TMEM14B"	chr6	+	10749621	10749698	10751132	10751234	10749201	10749268	10755141	10755232	1759	0,1,2	0,1,0	1,0,5	0,0,0	176	198	1	1.0	NA,0.529,1.0	1.0,NA,1.0	-0.236
1766	"ENSG00000178927.19"	"CYBC1"	chr17	-	82446622	82446692	82449169	82449292	82445863	82445960	82450699	82450728	1766	0,0,0	1,1,1	0,0,2	0,0,0	198	169	1	1.0	0.0,0.0,0.0	NA,NA,1.0	-1.0
1770	"ENSG00000158864.13"	"NDUFS2"	chr1	+	161209856	161209931	161210110	161210188	161209482	161209595	161210303	161210389	1770	0,1,0	0,0,0	1,0,0	2,0,0	174	177	1	1.0	NA,1.0,NA	0.337,NA,NA	0.663
1853	"ENSG00000079805.19"	"DNM2"	chr19	+	10796060	10796199	10797379	10797518	10795371	10795439	10798485	10798572	1853	0,3,6	0,3,2	2,2,0	0,2,0	198	198	1	1.0	NA,0.5,0.75	1.0,0.5,NA	-0.125
1854	"ENSG00000157216.17"	"SSBP3"	chr1	-	54257126	54257186	54258068	54258149	54251793	54251860	54281437	54281527	1854	0,1,0	0,0,0	0,0,0	2,0,0	180	159	1	1.0	NA,1.0,NA	0.0,NA,NA	1.0
1872	"ENSG00000076242.17"	"MLH1"	chr3	+	37017505	37017599	37020309	37020463	37014431	37014544	37025636	37026007	1872	0,0,0	0,0,2	0,0,1	0,0,2	193	198	1	1.0	NA,NA,0.0	NA,NA,0.339	-0.339
1873	"ENSG00000076242.17"	"MLH1"	chr3	+	37042267	37042331	37047518	37047683	37040185	37040294	37048516	37048609	1873	0,0,1	0,0,1	0,0,0	0,2,0	163	198	1	1.0	NA,NA,0.548	NA,0.0,NA	0.548
1902	"ENSG00000026751.17"	"SLAMF7"	chr1	+	160750303	160750423	160751344	160751448	160749820	160750093	160752185	160752248	1902	0,6,10	0,0,1	1,0,0	0,0,0	198	198	1	1.0	NA,1.0,0.909	1.0,NA,NA	-0.045
1915	"ENSG00000137409.21"	"MTCH1"	chr6	-	36977198	36977224	36977668	36977691	36975657	36975717	36978077	36978155	1915	2,2,2	0,0,2	6,0,0	0,0,0	122	125	1	1.0	1.0,1.0,0.506	1.0,NA,NA	-0.165
1916	"ENSG00000137409.21"	"MTCH1"	chr6	-	36977198	36977250	36977668	36977691	36975657	36975717	36978077	36978155	1916	2,2,2	0,1,3	6,0,0	0,0,0	122	151	1	1.0	1.0,0.712,0.452	1.0,NA,NA	-0.279
1965	"ENSG00000137601.18"	"NEK1"	chr4	-	169561479	169561554	169561686	169561737	169555931	169556095	169561831	169561891	1965	0,0,1	0,0,2	0,0,2	0,0,0	150	174	1	1.0	NA,NA,0.367	NA,NA,1.0	-0.633
2001	"ENSG00000129255.16"	"MPDU1"	chr17	+	7586691	7586838	7586898	7587017	7585945	7586078	7587160	7587271	2001	1,0,1	0,0,0	0,0,0	0,0,1	198	198	1	1.0	1.0,NA,1.0	NA,NA,0.0	1.0
2002	"ENSG00000062716.13"	"VMP1"	chr17	+	59735337	59735473	59737452	59737543	59731420	59731522	59738836	59738947	2002	0,0,1	0,0,0	0,0,0	2,0,0	198	190	1	1.0	NA,NA,1.0	0.0,NA,NA	1.0
2019	"ENSG00000117682.18"	"DHDDS"	chr1	+	26446315	26446432	26447558	26447660	26442730	26442873	26457790	26457905	2019	0,0,1	0,0,1	1,0,0	0,0,0	198	198	1	1.0	NA,NA,0.5	1.0,NA,NA	-0.5
2028	"ENSG00000167483.19"	"NIBAN3"	chr19	+	17533586	17533701	17537375	17537543	17532262	17532388	17539149	17539265	2028	0,1,1	6,10,18	0,0,0	1,0,0	198	198	1	1.0	0.0,0.091,0.053	0.0,NA,NA	0.048
2035	"ENSG00000078369.19"	"GNB1"	chr1	-	1817836	1817875	1825396	1825499	1815755	1815862	1839189	1839238	2035	0,1,2	0,1,4	2,1,5	1,0,4	198	138	1	1.0	NA,0.411,0.258	0.582,1.0,0.466	-0.348
2049	"ENSG00000116604.19"	"MEF2D"	chr1	-	156480642	156480777	156480833	156480971	156479585	156479796	156482436	156482640	2049	2,8,16	0,2,0	0,0,2	0,0,0	198	198	1	1.0	1.0,0.8,1.0	NA,NA,1.0	-0.067
2060	"ENSG00000138614.16"	"INTS14"	chr15	-	65605128	65605236	65607158	65607442	65599773	65599929	65611097	65611289	2060	2,0,1	0,0,0	0,0,0	0,0,2	198	198	1	1.0	1.0,NA,1.0	NA,NA,0.0	1.0
2076	"ENSG00000100243.22"	"CYB5R3"	chr22	-	42627604	42627688	42628151	42628281	42627303	42627389	42630881	42630988	2076	2,2,1	0,2,0	1,0,2	0,0,4	198	183	1	1.0	1.0,0.48,1.0	1.0,NA,0.316	0.169
2099	"ENSG00000100461.18"	"RBM23"	chr14	-	22908332	22908380	22909482	22909595	22906194	22906368	22911327	22911403	2099	0,3,2	0,0,1	0,4,0	0,0,0	198	147	1	1.0	NA,1.0,0.598	NA,1.0,NA	-0.201
2116	"ENSG00000291178.1"	"ENSG00000291178"	chr7	-	100330181	100330284	100330462	100330549	100328835	100329019	100332441	100332581	2116	0,1,3	0,1,1	0,0,0	0,0,1	186	198	1	1.0	NA,0.516,0.762	NA,NA,0.0	0.639
2130	"ENSG00000104671.8"	"DCTN6"	chr8	+	30175084	30175190	30177125	30177214	30164110	30164175	30179407	30179455	2130	0,0,0	0,0,1	0,2,0	0,0,0	198	188	1	1.0	NA,NA,0.0	NA,1.0,NA	-1.0
2143	"ENSG00000102984.15"	"ZNF821"	chr16	-	71864902	71865048	71867892	71868037	71864137	71864242	71879906	71880023	2143	0,0,0	0,2,1	0,1,2	0,0,0	198	198	1	1.0	NA,0.0,0.0	NA,1.0,1.0	-1.0
2144	"ENSG00000102984.15"	"ZNF821"	chr16	-	71864902	71865048	71867911	71868037	71864137	71864242	71879906	71880023	2144	0,0,0	0,2,1	0,1,2	0,0,0	198	198	1	1.0	NA,0.0,0.0	NA,1.0,1.0	-1.0
2154	"ENSG00000127022.16"	"CANX"	chr5	+	179706257	179706331	179707131	179707190	179705678	179705852	179708238	179708380	2154	0,4,2	1,0,0	0,3,3	0,1,0	173	158	1	1.0	0.0,1.0,1.0	NA,0.733,1.0	-0.2
2156	"ENSG00000089820.17"	"ARHGAP4"	chrX	-	153918831	153919053	153921096	153921159	153913777	153913879	153921364	153921527	2156	9,4,1	5,11,17	0,0,0	1,0,7	162	198	1	1.0	0.688,0.308,0.067	0.0,NA,0.0	0.354
2157	"ENSG00000068724.18"	"TTC7A"	chr2	+	47021861	47021979	47023407	47023465	47011330	47011435	47024286	47024359	2157	2,3,6	7,0,7	0,0,0	1,0,0	198	157	1	1.0	0.185,1.0,0.405	0.0,NA,NA	0.53
2168	"ENSG00000241553.13"	"ARPC4"	chr3	+	9800184	9800296	9801660	9801756	9797658	9797777	9803842	9804013	2168	1,3,6	2,0,3	2,1,1	0,0,2	198	195	0.063674597054	1.0	0.33,1.0,0.663	1.0,1.0,0.33	-0.112
2178	"ENSG00000130414.13"	"NDUFA10"	chr2	-	240011616	240014860	240018552	240018639	240007315	240007370	240021196	240021412	2178	0,1,1	0,3,4	0,0,0	0,0,1	186	198	1	1.0	NA,0.262,0.21	NA,NA,0.0	0.236
2182	"ENSG00000124795.17"	"DEK"	chr6	-	18258303	18258405	18263842	18263996	18257952	18258062	18264384	18264541	2182	0,2,1	2,4,0	0,0,0	1,0,0	198	198	1	1.0	0.0,0.333,1.0	0.0,NA,NA	0.444
2278	"ENSG00000008838.21"	"MED24"	chr17	-	40035721	40035795	40036115	40036154	40035116	40035349	40053297	40053380	2278	0,0,1	0,0,0	0,0,0	0,0,1	138	173	1	1.0	NA,NA,1.0	NA,NA,0.0	1.0
2328	"ENSG00000131374.15"	"TBC1D5"	chr3	-	17518901	17518995	17562018	17562142	17508473	17508605	17623848	17623913	2328	0,0,3	0,0,0	0,0,0	2,0,0	198	193	1	1.0	NA,NA,1.0	0.0,NA,NA	1.0
2329	"ENSG00000131374.15"	"TBC1D5"	chr3	-	17518901	17518995	17622647	17622765	17508473	17508605	17623848	17623913	2329	0,0,1	0,0,0	0,0,0	2,0,0	198	193	1	1.0	NA,NA,1.0	0.0,NA,NA	1.0
2333	"ENSG00000023318.9"	"ERP44"	chr9	-	100052416	100052532	100057819	100057859	100022041	100022226	100060099	100060172	2333	0,1,0	0,1,0	0,0,0	1,0,0	139	198	1	1.0	NA,0.588,NA	0.0,NA,NA	0.588
2336	"ENSG00000174891.14"	"RSRC1"	chr3	+	158123865	158123991	158203071	158203245	158122102	158122298	158298038	158298075	2336	0,1,4	0,0,1	1,0,0	0,0,0	198	198	1	1.0	NA,1.0,0.8	1.0,NA,NA	-0.1
2337	"ENSG00000174891.14"	"RSRC1"	chr3	+	158203071	158203245	158298038	158298075	158123865	158123991	158354856	158354908	2337	0,5,4	0,0,1	0,0,0	1,0,0	198	136	1	1.0	NA,1.0,0.733	0.0,NA,NA	0.867
2344	"ENSG00000085998.15"	"POMGNT1"	chr1	-	46194552	46194651	46194843	46194961	46194273	46194401	46195810	46195924	2344	0,0,0	0,1,2	0,1,0	0,2,0	198	198	1	1.0	NA,0.0,0.0	NA,0.333,NA	-0.333
2372	"ENSG00000196998.19"	"WDR45"	chrX	-	49076429	49076524	49077642	49077747	49075865	49075945	49077836	49077911	2372	0,0,1	1,2,0	0,1,0	0,0,0	198	194	1	1.0	0.0,0.0,1.0	NA,1.0,NA	-0.667
2373	"ENSG00000196998.19"	"WDR45"	chrX	-	49076644	49076750	49077642	49077747	49076429	49076524	49077836	49077911	2373	0,0,1	0,0,1	0,1,0	2,0,1	198	198	1	1.0	NA,NA,0.5	0.0,1.0,0.0	0.167
2374	"ENSG00000196998.19"	"WDR45"	chrX	-	49076644	49076753	49077642	49077747	49076429	49076524	49077836	49077911	2374	0,0,1	0,0,1	0,1,0	1,0,2	198	198	1	1.0	NA,NA,0.5	0.0,1.0,0.0	0.167
2386	"ENSG00000132768.14"	"DPH2"	chr1	+	43970965	43971189	43971386	43972070	43970595	43970708	43972157	43972334	2386	0,0,0	0,2,2	0,1,0	0,0,0	198	198	1	1.0	NA,0.0,0.0	NA,1.0,NA	-1.0
2398	"ENSG00000176393.11"	"RNPEP"	chr1	+	201996146	201996263	201997318	201997554	201989382	201989531	201999901	202000015	2398	0,0,0	2,2,0	1,0,0	0,0,0	198	198	1	1.0	0.0,0.0,NA	1.0,NA,NA	-1.0
2399	"ENSG00000076513.17"	"ANKRD13A"	chr12	+	110021107	110021301	110024045	110024112	110019138	110019328	110025741	110025823	2399	2,0,1	0,0,0	0,0,0	0,0,2	198	166	1	1.0	1.0,NA,1.0	NA,NA,0.0	1.0
2402	"ENSG00000182718.18"	"ANXA2"	chr15	-	60364428	60364523	60386027	60386086	60360940	60361054	60397942	60397986	2402	2,0,0	1,6,1	0,0,0	4,3,9	158	194	0.539880732082	1.0	0.711,0.0,0.0	0.0,0.0,0.0	0.237
2426	"ENSG00000132780.17"	"NASP"	chr1	+	45602254	45602365	45604935	45605016	45591222	45591270	45606481	45606591	2426	0,2,2	0,0,7	1,0,0	0,0,0	198	180	1	1.0	NA,1.0,0.206	1.0,NA,NA	-0.397
2449	"ENSG00000014138.10"	"POLA2"	chr11	+	65280991	65281147	65281147	65281397	65279537	65279626	65281669	65281732	2449	6,0,3	0,0,2	2,0,2	0,0,0	198	198	1	1.0	1.0,NA,0.6	1.0,NA,1.0	-0.2
2471	"ENSG00000064012.24"	"CASP8"	chr2	+	201272897	201272942	201274888	201274953	201272637	201272776	201276826	201276968	2471	0,0,1	1,3,1	0,0,0	0,0,1	144	164	1	1.0	0.0,0.0,0.532	NA,NA,0.0	0.177
2494	"ENSG00000142687.19"	"KIAA0319L"	chr1	-	35444160	35444303	35448172	35448332	35442905	35443028	35449866	35450005	2494	0,0,2	0,0,1	0,0,0	1,0,0	198	198	1	1.0	NA,NA,0.667	0.0,NA,NA	0.667
2497	"ENSG00000142687.19"	"KIAA0319L"	chr1	-	35470862	35470960	35474804	35474906	35466607	35466695	35478965	35479212	2497	0,0,1	0,0,1	0,0,1	0,0,0	198	197	1	1.0	NA,NA,0.499	NA,NA,1.0	-0.501
2498	"ENSG00000142687.19"	"KIAA0319L"	chr1	-	35478965	35479212	35506611	35507135	35474804	35474906	35554349	35554519	2498	0,1,0	0,0,1	1,0,0	0,0,1	198	198	1	1.0	NA,1.0,0.0	1.0,NA,0.0	0.0
2501	"ENSG00000108559.13"	"NUP88"	chr17	-	5399551	5399650	5404098	5404246	5394890	5394981	5405056	5405243	2501	0,1,2	0,1,3	0,0,0	0,6,0	198	198	1	1.0	NA,0.5,0.4	NA,0.0,NA	0.45
2552	"ENSG00000059588.10"	"TARBP1"	chr1	-	234398381	234398553	234400852	234400948	234393645	234393837	234401180	234401262	2552	1,0,0	0,1,6	0,0,0	0,1,0	195	198	1	1.0	1.0,0.0,0.0	NA,0.0,NA	0.333
2556	"ENSG00000084623.12"	"EIF3I"	chr1	+	32226170	32226283	32226402	32226530	32224409	32224475	32228498	32228609	2556	0,0,3	0,2,2	1,2,2	2,0,3	198	198	1	1.0	NA,0.0,0.6	0.333,1.0,0.4	-0.278
2557	"ENSG00000084623.12"	"EIF3I"	chr1	+	32226170	32226320	32226402	32226530	32224409	32224475	32228498	32228609	2557	0,0,3	0,2,2	1,2,2	2,0,3	198	198	1	1.0	NA,0.0,0.6	0.333,1.0,0.4	-0.278
2575	"ENSG00000079819.20"	"EPB41L2"	chr6	-	130867458	130867581	130869811	130870126	130865535	130865634	130885095	130885268	2575	0,1,1	0,0,1	1,0,1	0,0,0	198	198	1	1.0	NA,1.0,0.5	1.0,NA,1.0	-0.25
2596	"ENSG00000110958.16"	"PTGES3"	chr12	-	56666203	56666266	56670274	56670364	56664775	56664800	56671748	56671847	2596	0,0,3	0,0,0	0,0,3	0,0,1	189	162	1	1.0	NA,NA,1.0	NA,NA,0.72	0.28
2597	"ENSG00000110958.16"	"PTGES3"	chr12	-	56670274	56670364	56671748	56671847	56666203	56666266	56672739	56672809	2597	0,0,0	3,0,3	1,0,3	0,2,0	198	189	1	1.0	0.0,NA,0.0	1.0,0.0,1.0	-0.667
2598	"ENSG00000110958.16"	"PTGES3"	chr12	-	56671748	56671809	56672739	56672809	56670274	56670364	56672951	56673065	2598	0,1,1	0,1,2	2,1,0	0,0,2	169	160	1	1.0	NA,0.486,0.321	1.0,1.0,0.0	-0.263
2706	"ENSG00000145216.17"	"FIP1L1"	chr4	+	53414614	53414722	53425871	53425965	53399729	53399839	53428026	53428183	2706	0,0,1	0,0,3	0,0,0	0,0,1	198	193	1	1.0	NA,NA,0.245	NA,NA,0.0	0.245
2762	"ENSG00000026103.25"	"FAS"	chr10	+	89010752	89010815	89011998	89012081	89010538	89010600	89013342	89013367	2762	0,0,2	0,0,1	0,0,0	0,1,0	162	182	1	1.0	NA,NA,0.692	NA,0.0,NA	0.692
2763	"ENSG00000026103.25"	"FAS"	chr10	+	89011998	89012081	89013342	89013367	89010752	89010815	89014118	89015542	2763	0,0,1	0,0,0	0,0,0	0,0,1	182	124	1	1.0	NA,NA,1.0	NA,NA,0.0	1.0
2802	"ENSG00000143549.22"	"TPM3"	chr1	-	154171412	154171488	154172028	154172104	154170648	154170711	154172907	154172978	2802	4,3,13	0,0,0	7,1,9	0,1,0	175	175	1	1.0	1.0,1.0,1.0	1.0,0.5,1.0	0.167
2820	"ENSG00000138095.20"	"LRPPRC"	chr2	-	43894544	43894629	43896633	43896708	43889733	43889876	43899218	43899334	2820	0,0,0	0,1,1	0,0,2	0,0,0	174	184	1	1.0	NA,0.0,0.0	NA,NA,1.0	-1.0
2851	"ENSG00000257103.9"	"LSM14A"	chr19	+	34208928	34209051	34215123	34215300	34196633	34196763	34215595	34215661	2851	0,1,2	0,0,0	0,0,0	3,0,0	198	198	1	1.0	NA,1.0,1.0	0.0,NA,NA	1.0
2869	"ENSG00000163939.19"	"PBRM1"	chr3	-	52554723	52554879	52558248	52558413	52550746	52550817	52561766	52561968	2869	0,2,0	0,0,4	0,0,0	1,0,0	198	198	1	1.0	NA,1.0,0.0	0.0,NA,NA	0.5
2873	"ENSG00000099246.18"	"RAB18"	chr10	+	27526827	27526889	27533734	27533853	27509874	27509930	27533927	27533994	2873	2,0,0	0,0,1	0,0,1	0,0,0	161	198	1	1.0	1.0,NA,0.0	NA,NA,1.0	-0.5
2900	"ENSG00000137413.17"	"TAF8"	chr6	+	42057388	42057513	42068464	42068607	42055951	42056014	42077099	42077239	2900	1,3,6	0,1,1	1,0,1	0,0,0	198	198	1	1.0	1.0,0.75,0.857	1.0,NA,1.0	-0.131
2915	"ENSG00000152457.19"	"DCLRE1C"	chr10	-	14945434	14945565	14947524	14947609	14945104	14945189	14949035	14949087	2915	0,2,3	1,0,1	0,0,1	0,0,0	184	198	1	1.0	0.0,1.0,0.763	NA,NA,1.0	-0.412
2940	"ENSG00000071054.17"	"MAP4K4"	chr2	+	101871493	101871685	101873646	101873764	101870294	101870415	101874081	101874252	2940	0,0,0	0,1,2	2,0,1	0,3,3	198	198	1	1.0	NA,0.0,0.0	1.0,0.0,0.25	-0.417
2975	"ENSG00000113648.17"	"MACROH2A1"	chr5	-	135350822	135350913	135352945	135353045	135345967	135346057	135360496	135360604	2975	0,0,0	1,0,2	0,1,0	0,0,0	198	190	1	1.0	0.0,NA,0.0	NA,1.0,NA	-1.0
2989	"ENSG00000042429.12"	"MED17"	chr11	+	93797534	93797719	93801834	93801972	93796409	93796540	93807517	93807635	2989	0,1,0	0,0,2	0,0,0	0,0,1	198	198	1	1.0	NA,1.0,0.0	NA,NA,0.0	0.5
3043	"ENSG00000217555.13"	"CKLF"	chr16	+	66558189	66558348	66563121	66563217	66552568	66552793	66565885	66566072	3043	0,1,1	0,0,1	0,0,3	1,0,2	198	195	1	1.0	NA,1.0,0.496	0.0,NA,0.596	0.45
3053	"ENSG00000090487.11"	"SPG21"	chr15	-	64974601	64974747	64976474	64976555	64970113	64970222	64980863	64981025	3053	0,0,1	2,0,1	2,0,0	0,0,0	180	198	1	1.0	0.0,NA,0.524	1.0,NA,NA	-0.738
3084	"ENSG00000173692.14"	"PSMD1"	chr2	+	231163634	231163727	231165199	231165286	231161339	231161509	231165870	231166017	3084	1,0,2	0,0,1	0,0,1	0,1,2	192	186	1	1.0	1.0,NA,0.66	NA,0.0,0.326	0.667
3125	"ENSG00000172053.18"	"QARS1"	chr3	-	49101354	49101441	49101619	49101705	49100574	49100674	49101827	49101899	3125	0,0,1	0,0,4	5,0,0	0,0,0	185	186	1	1.0	NA,NA,0.201	1.0,NA,NA	-0.799
3240	"ENSG00000090316.16"	"MAEA"	chr4	+	1315396	1315600	1322380	1322503	1311978	1312161	1327626	1327703	3240	1,3,3	2,1,0	2,0,0	0,0,2	198	198	1	1.0	0.333,0.75,1.0	1.0,NA,0.0	0.194
3242	"ENSG00000203875.13"	"SNHG5"	chr6	-	85666003	85666147	85677092	85677191	85663673	85663726	85677423	85677492	3242	1,0,7	0,1,0	3,1,4	0,0,0	198	198	1	1.0	1.0,0.0,1.0	1.0,1.0,1.0	-0.333
3246	"ENSG00000185507.21"	"IRF7"	chr11	-	613950	614037	614173	614399	613784	613865	614475	614534	3246	0,5,12	0,2,2	0,0,1	3,0,2	198	186	1	1.0	NA,0.701,0.849	0.0,NA,0.32	0.615
3248	"ENSG00000146282.19"	"RARS2"	chr6	-	87518045	87518152	87518168	87518264	87516805	87516880	87518629	87518739	3248	0,0,2	0,0,1	1,0,0	0,0,0	195	198	1	1.0	NA,NA,0.67	1.0,NA,NA	-0.33
3270	"ENSG00000135535.17"	"CD164"	chr6	-	109370410	109370467	109376073	109376112	109366517	109369017	109377899	109377971	3270	0,1,2	0,0,0	0,0,1	0,2,0	138	156	1	1.0	NA,1.0,1.0	NA,0.0,1.0	0.5
3272	"ENSG00000112367.12"	"FIG4"	chr6	+	109715077	109715176	109727108	109727265	109691295	109691501	109732636	109732687	3272	0,0,2	0,0,1	0,0,0	1,2,0	198	198	1	1.0	NA,NA,0.667	0.0,0.0,NA	0.667
3301	"ENSG00000156515.25"	"HK1"	chr10	+	69359896	69360045	69364782	69364902	69343826	69343989	69368535	69368631	3301	0,1,0	0,0,0	1,0,0	1,0,0	198	198	1	1.0	NA,1.0,NA	0.5,NA,NA	0.5
3327	"ENSG00000134333.15"	"LDHA"	chr11	+	18399430	18399548	18400836	18401010	18396818	18396968	18402839	18403013	3327	1,2,4	14,6,14	9,6,12	10,6,9	198	198	0.000165674011183	0.027419048850786498	0.067,0.25,0.222	0.474,0.5,0.571	-0.335
3328	"ENSG00000120253.14"	"NUP43"	chr6	-	149738642	149738778	149742389	149742570	149736470	149736622	149743637	149743715	3328	2,3,0	0,0,2	2,2,2	0,0,0	198	198	0.316883206075	1.0	1.0,1.0,0.0	1.0,1.0,1.0	-0.333
3333	"ENSG00000138757.15"	"G3BP2"	chr4	-	75657556	75657730	75658842	75658924	75656923	75657014	75661930	75662049	3333	0,0,0	1,1,1	2,0,0	0,0,0	181	198	1	1.0	0.0,0.0,0.0	1.0,NA,NA	-1.0
3358	"ENSG00000122512.17"	"PMS2"	chr7	-	6002452	6002636	6003971	6004058	5999107	5999275	6005891	6006031	3358	0,0,1	0,1,2	1,0,0	0,0,0	186	198	1	1.0	NA,0.0,0.347	1.0,NA,NA	-0.827
3413	"ENSG00000213593.10"	"TMX2"	chr11	+	57737835	57738026	57738353	57738430	57737607	57737668	57738663	57738770	3413	0,0,1	0,0,1	0,0,0	1,0,2	198	176	1	1.0	NA,NA,0.471	0.0,NA,0.0	0.471
3421	"ENSG00000136279.21"	"DBNL"	chr7	+	44051829	44051942	44052866	44052941	44050224	44050280	44056756	44056903	3421	0,2,1	2,1,0	0,0,2	0,0,1	198	174	1	1.0	0.0,0.637,1.0	NA,NA,0.637	-0.091
3422	"ENSG00000136279.21"	"DBNL"	chr7	+	44052866	44052941	44056756	44056903	44051829	44051942	44057781	44057859	3422	3,4,0	0,1,7	0,2,0	0,0,1	174	198	1	1.0	1.0,0.82,0.0	NA,1.0,0.0	0.107
3425	"ENSG00000105953.16"	"OGDH"	chr7	+	44647443	44647534	44647656	44647759	44645326	44645518	44656317	44656362	3425	2,0,0	0,0,1	0,0,0	0,0,1	190	198	1	1.0	1.0,NA,0.0	NA,NA,0.0	0.5
3426	"ENSG00000105953.16"	"OGDH"	chr7	+	44647443	44647534	44647656	44647759	44645326	44645518	44666735	44666851	3426	2,0,0	0,0,1	0,0,0	0,2,3	190	198	1	1.0	1.0,NA,0.0	NA,0.0,0.0	0.5
3465	"ENSG00000106635.8"	"BCL7B"	chr7	-	73539881	73540052	73543547	73543644	73537933	73538013	73552166	73552242	3465	0,1,0	0,2,2	2,0,2	0,0,0	196	198	1	1.0	NA,0.336,0.0	1.0,NA,1.0	-0.832
3517	"ENSG00000122218.17"	"COPA"	chr1	-	160298844	160298991	160299101	160299264	160297555	160297745	160305432	160305571	3517	0,2,2	1,1,0	0,0,2	0,0,0	198	198	1	1.0	0.0,0.667,1.0	NA,NA,1.0	-0.444
3519	"ENSG00000106290.16"	"TAF6"	chr7	-	100113348	100113405	100113615	100113769	100112797	100112917	100113867	100113954	3519	0,0,0	0,0,1	1,0,0	0,0,0	198	156	1	1.0	NA,NA,0.0	1.0,NA,NA	-1.0
3536	"ENSG00000066322.15"	"ELOVL1"	chr1	-	43364927	43365008	43365185	43365376	43364737	43364794	43365563	43365623	3536	0,0,6	0,0,0	1,0,5	0,1,0	198	180	1	1.0	NA,NA,1.0	1.0,0.0,1.0	0.333
3543	"ENSG00000100883.13"	"SRP54"	chr14	+	34999557	34999644	35000935	35001020	34996676	34996787	35007282	35007387	3543	0,2,2	2,0,0	0,0,1	0,2,0	186	184	1	1.0	0.0,1.0,1.0	NA,0.0,1.0	0.167
3544	"ENSG00000100883.13"	"SRP54"	chr14	+	34999557	34999649	35000935	35001020	34996676	34996787	35007282	35007387	3544	0,2,2	2,0,0	0,0,1	0,2,0	191	184	1	1.0	0.0,1.0,1.0	NA,0.0,1.0	0.167
3578	"ENSG00000128595.17"	"CALU"	chr7	+	128754261	128754455	128754528	128754722	128748572	128748804	128758870	128759037	3578	3,0,1	0,0,1	2,8,5	5,0,2	198	198	1	1.0	1.0,NA,0.5	0.286,1.0,0.714	0.083
3639	"ENSG00000134352.21"	"IL6ST"	chr5	-	55951928	55952075	55952249	55952351	55951463	55951604	55954809	55954992	3639	0,0,1	0,0,3	0,0,2	0,0,0	198	198	1	1.0	NA,NA,0.25	NA,NA,1.0	-0.75
3642	"ENSG00000134574.12"	"DDB2"	chr11	+	47234756	47234934	47235269	47235412	47234572	47234672	47237836	47238001	3642	0,0,1	0,0,0	1,0,0	0,0,1	198	198	1	1.0	NA,NA,1.0	1.0,NA,0.0	0.5
3666	"ENSG00000137070.19"	"IL11RA"	chr9	+	34655604	34655665	34656738	34656908	34655217	34655317	34657034	34657149	3666	0,0,2	0,0,0	0,0,0	0,0,1	160	198	1	1.0	NA,NA,1.0	NA,NA,0.0	1.0
3711	"ENSG00000104613.12"	"INTS10"	chr8	+	19819572	19819676	19820378	19820518	19818274	19818342	19822438	19822520	3711	0,3,1	2,1,0	1,0,0	0,0,0	198	198	1	1.0	0.0,0.75,1.0	1.0,NA,NA	-0.417
3759	"ENSG00000168615.13"	"ADAM9"	chr8	+	39082967	39083073	39090046	39090188	39082640	39082721	39091258	39091346	3759	0,0,6	0,0,1	2,0,0	0,1,0	198	198	1	1.0	NA,NA,0.857	1.0,0.0,NA	0.357
3760	"ENSG00000168615.13"	"ADAM9"	chr8	+	39082967	39083073	39090135	39090188	39082640	39082721	39091258	39091346	3760	0,0,6	0,0,1	2,0,0	0,0,0	198	152	1	1.0	NA,NA,0.822	1.0,NA,NA	-0.178
3777	"ENSG00000089157.16"	"RPLP0"	chr12	-	120198553	120198739	120198853	120199000	120197321	120197462	120199117	120199205	3777	10,2,17	9,6,15	16,2,27	15,7,23	198	198	0.979432341907	1.0	0.526,0.25,0.531	0.516,0.222,0.54	0.01
3790	"ENSG00000185499.17"	"MUC1"	chr1	-	155187454	155187544	155187721	155187858	155187224	155187374	155188007	155188063	3790	0,0,0	0,1,0	1,0,0	0,1,2	198	189	1	1.0	NA,0.0,NA	1.0,0.0,0.0	-0.333
3792	"ENSG00000185499.17"	"MUC1"	chr1	-	155187454	155187576	155187721	155187858	155187224	155187374	155188007	155188063	3792	0,0,0	0,1,0	1,0,0	1,1,2	198	198	1	1.0	NA,0.0,NA	0.5,0.0,0.0	-0.167
3817	"ENSG00000108465.15"	"CDK5RAP3"	chr17	+	47971273	47971309	47971361	47971407	47971121	47971152	47973518	47973650	3817	0,0,0	1,2,4	0,4,2	0,0,0	135	145	1	1.0	0.0,0.0,0.0	NA,1.0,1.0	-1.0
3818	"ENSG00000157193.18"	"LRP8"	chr1	-	53271027	53271153	53271226	53271346	53266472	53266647	53275630	53275753	3818	1,0,1	1,2,1	0,0,0	2,0,0	198	198	1	1.0	0.5,0.0,0.5	0.0,NA,NA	0.333
3829	"ENSG00000013375.17"	"PGM3"	chr6	-	83175961	83176060	83181735	83181931	83174373	83174487	83182844	83182978	3829	0,2,0	0,1,0	0,0,0	0,0,1	198	198	1	1.0	NA,0.667,NA	NA,NA,0.0	0.667
3845	"ENSG00000169045.19"	"HNRNPH1"	chr5	-	179616868	179616958	179617020	179617110	179616125	179616218	179617513	179617649	3845	0,0,0	2,3,3	1,0,2	1,1,3	189	189	0.524102830915	1.0	0.0,0.0,0.0	0.5,0.0,0.4	-0.3
3846	"ENSG00000169045.19"	"HNRNPH1"	chr5	-	179620891	179621035	179621241	179621397	179619268	179619407	179623036	179623164	3846	3,11,11	0,0,2	4,0,3	2,0,0	198	198	1	1.0	1.0,1.0,0.846	0.667,NA,1.0	0.115
3856	"ENSG00000075415.15"	"SLC25A3"	chr12	+	98595432	98595557	98595726	98595848	98593974	98594135	98597855	98598035	3856	0,0,1	0,1,11	0,0,0	4,2,8	198	198	1	1.0	NA,0.0,0.083	0.0,0.0,0.0	0.042
3857	"ENSG00000075415.15"	"SLC25A3"	chr12	+	98595432	98595661	98595726	98595848	98593978	98594135	98597855	98598035	3857	0,0,1	0,1,11	2,0,0	4,2,8	198	198	1	1.0	NA,0.0,0.083	0.333,0.0,0.0	-0.07
3858	"ENSG00000107036.12"	"RIC1"	chr9	+	5748584	5748714	5753199	5753238	5747301	5747505	5754840	5754930	3858	0,0,0	0,0,2	1,0,0	0,0,0	198	138	1	1.0	NA,NA,0.0	1.0,NA,NA	-1.0
3877	"ENSG00000198467.16"	"TPM2"	chr9	-	35684731	35684807	35685063	35685139	35684487	35684550	35685268	35685339	3877	5,8,3	2,4,7	2,0,0	8,3,9	175	175	3.47214612406e-06	0.0011492803670638601	0.714,0.667,0.3	0.2,0.0,0.0	0.494
3884	"ENSG00000291075.1"	"ENSG00000291075"	chr9	+	41007439	41007609	41008880	41009006	40994632	40994699	41011616	41011730	3884	0,0,1	0,2,1	0,1,0	0,0,0	198	198	1	1.0	NA,0.0,0.5	NA,1.0,NA	-0.75
3885	"ENSG00000291075.1"	"ENSG00000291075"	chr9	+	41007439	41007609	41008919	41009006	40994632	40994699	41011616	41011730	3885	0,0,1	0,0,1	0,1,0	0,0,0	198	186	1	1.0	NA,NA,0.484	NA,1.0,NA	-0.516
3910	"ENSG00000149262.19"	"INTS4"	chr11	-	77941179	77941251	77955941	77956062	77938650	77938825	77958745	77958834	3910	0,0,4	0,1,0	0,0,0	0,0,2	198	171	1	1.0	NA,0.0,1.0	NA,NA,0.0	0.5
3927	"ENSG00000196305.19"	"IARS1"	chr9	-	92229000	92229126	92240855	92240961	92223345	92223489	92242153	92242330	3927	0,0,0	0,6,2	0,0,2	2,0,0	198	198	1	1.0	NA,0.0,0.0	0.0,NA,1.0	-0.5
3962	"ENSG00000127314.18"	"RAP1B"	chr12	+	68651994	68652051	68654111	68654252	68650399	68650468	68656305	68656449	3962	0,1,2	1,0,1	1,0,0	0,2,2	156	198	0.00211074080364	0.23288506866828	0.0,1.0,0.717	1.0,0.0,0.0	0.239
3963	"ENSG00000127314.18"	"RAP1B"	chr12	+	68654111	68654252	68656305	68656449	68651994	68652051	68657100	68657217	3963	0,0,5	0,2,1	2,1,4	1,0,0	198	198	1	1.0	NA,0.0,0.833	0.667,1.0,1.0	-0.472
3970	"ENSG00000136861.19"	"CDK5RAP2"	chr9	-	120447894	120448126	120453455	120453873	120443619	120443742	120458449	120458622	3970	0,0,1	0,0,1	0,0,0	0,2,2	198	198	1	1.0	NA,NA,0.5	NA,0.0,0.0	0.5
3976	"ENSG00000119487.17"	"MAPKAP1"	chr9	-	125484442	125484583	125506309	125506417	125467971	125468109	125543058	125543168	3976	0,0,4	0,1,1	0,2,0	1,0,0	198	198	1	1.0	NA,0.0,0.8	0.0,1.0,NA	-0.1
3983	"ENSG00000136877.15"	"FPGS"	chr9	+	127806972	127807087	127807208	127807286	127804635	127804700	127807420	127807482	3983	0,2,2	0,0,1	0,0,0	0,0,2	198	177	1	1.0	NA,1.0,0.641	NA,NA,0.0	0.821
3989	"ENSG00000108039.18"	"XPNPEP1"	chr10	-	109893011	109893075	109907690	109907815	109891721	109891826	109915010	109915099	3989	0,2,1	0,1,2	0,0,0	0,1,0	198	163	1	1.0	NA,0.622,0.292	NA,0.0,NA	0.457
3997	"ENSG00000125875.15"	"TBC1D20"	chr20	-	445049	445130	447888	448074	441856	442043	462335	462516	3997	2,0,1	0,0,0	0,0,0	0,0,1	198	180	1	1.0	1.0,NA,1.0	NA,NA,0.0	1.0
4053	"ENSG00000005844.19"	"ITGAL"	chr16	+	30479090	30479208	30481438	30481584	30475512	30475580	30483826	30483959	4053	1,5,3	0,2,1	1,0,0	0,0,0	198	198	1	1.0	1.0,0.714,0.75	1.0,NA,NA	-0.179
4095	"ENSG00000049618.25"	"ARID1B"	chr6	+	157110471	157110561	157133027	157133207	157084661	157084905	157148623	157148951	4095	0,10,3	0,0,1	0,0,0	2,0,0	189	198	1	1.0	NA,1.0,0.759	0.0,NA,NA	0.879
4096	"ENSG00000049618.25"	"ARID1B"	chr6	+	157133027	157133207	157148623	157148951	157110471	157110561	157167039	157167185	4096	3,2,7	1,3,0	0,0,0	0,0,1	198	198	1	1.0	0.75,0.4,1.0	NA,NA,0.0	0.717
4107	"ENSG00000109861.17"	"CTSC"	chr11	-	88309162	88309318	88312387	88312554	88300529	88300645	88334936	88335082	4107	0,3,2	0,2,4	0,1,4	2,0,1	198	198	1	1.0	NA,0.6,0.333	0.0,1.0,0.8	-0.133
4108	"ENSG00000181929.13"	"PRKAG1"	chr12	-	49005667	49005742	49005742	49005852	49005461	49005543	49013061	49013110	4108	0,0,1	0,0,0	0,0,0	0,0,6	198	174	1	1.0	NA,NA,1.0	NA,NA,0.0	1.0
4112	"ENSG00000134283.18"	"PPHLN1"	chr12	+	42355160	42355222	42374862	42375074	42335882	42335974	42384939	42384996	4112	0,3,0	2,2,2	0,2,0	0,0,0	161	198	1	1.0	0.0,0.648,0.0	NA,1.0,NA	-0.784
4113	"ENSG00000134283.18"	"PPHLN1"	chr12	+	42355160	42355222	42374862	42375074	42335882	42335974	42387455	42387535	4113	0,3,0	2,0,0	0,2,0	0,0,0	161	198	1	1.0	0.0,1.0,NA	NA,1.0,NA	-0.5
4191	"ENSG00000107669.19"	"ATE1"	chr10	-	121898840	121898969	121899865	121899994	121870005	121870038	121902390	121902620	4191	0,2,0	0,1,1	0,2,0	0,0,0	198	198	1	1.0	NA,0.667,0.0	NA,1.0,NA	-0.666
4192	"ENSG00000107669.19"	"ATE1"	chr10	-	121898840	121898969	121899865	121899994	121870005	121870038	121910905	121911151	4192	0,0,0	0,1,0	0,2,0	0,0,0	198	198	1	1.0	NA,0.0,NA	NA,1.0,NA	-1.0
4194	"ENSG00000107669.19"	"ATE1"	chr10	-	121899865	121899994	121902390	121902620	121870005	121870038	121910905	121911151	4194	0,3,0	0,0,0	0,0,0	0,2,0	198	198	1	1.0	NA,1.0,NA	NA,0.0,NA	1.0
4208	"ENSG00000130640.15"	"TUBGCP2"	chr10	-	133285084	133285455	133285455	133285628	133283881	133284002	133288128	133288309	4208	5,2,4	1,1,0	1,0,0	1,0,0	198	198	1	1.0	0.833,0.667,1.0	0.5,NA,NA	0.333
4226	"ENSG00000151116.17"	"UEVLD"	chr11	-	18570213	18570377	18575346	18575412	18566346	18566482	18578723	18578808	4226	0,0,0	0,0,1	0,4,0	0,0,0	165	198	1	1.0	NA,NA,0.0	NA,1.0,NA	-1.0
4238	"ENSG00000118785.15"	"SPP1"	chr4	+	87980045	87980126	87980392	87980434	87977058	87977097	87981474	87981798	4238	5,19,24	1,1,2	22,15,16	5,3,2	180	141	0.0478328059488	1.0	0.797,0.937,0.904	0.775,0.797,0.862	0.068
4260	"ENSG00000182087.14"	"TMEM259"	chr19	-	1010990	1011095	1011095	1011195	1009652	1010895	1011366	1011499	4260	2,2,13	0,1,0	4,2,0	0,0,0	198	198	1	1.0	1.0,0.667,1.0	1.0,1.0,NA	-0.111
4324	"ENSG00000175582.20"	"RAB6A"	chr11	-	73718612	73718718	73718784	73718890	73716250	73716362	73720845	73720899	4324	1,0,1	0,3,0	0,0,2	2,0,1	198	198	1	1.0	1.0,0.0,1.0	0.0,NA,0.667	0.333
4325	"ENSG00000175581.14"	"MRPL48"	chr11	+	73808312	73808350	73825707	73825796	73805026	73805079	73844806	73844976	4325	0,0,0	0,0,2	1,0,0	1,0,0	137	188	1	1.0	NA,NA,0.0	0.578,NA,NA	-0.578
4329	"ENSG00000149273.15"	"RPS3"	chr11	+	75402351	75402379	75404019	75404207	75401639	75401733	75404671	75404868	4329	1,0,0	7,5,16	0,0,1	13,7,10	127	198	1	1.0	0.182,0.0,0.0	0.0,0.0,0.135	0.016
4330	"ENSG00000149273.15"	"RPS3"	chr11	+	75402351	75402446	75404019	75404207	75401639	75401733	75404671	75404868	4330	3,0,5	7,5,16	5,1,12	13,7,10	194	198	0.206500283536	1.0	0.304,0.0,0.242	0.282,0.127,0.551	-0.138
4332	"ENSG00000159063.14"	"ALG8"	chr11	-	78106806	78106946	78112649	78112770	78104355	78104453	78113885	78113989	4332	0,1,0	0,0,2	0,0,0	0,1,0	198	198	1	1.0	NA,1.0,0.0	NA,0.0,NA	0.5
4369	"ENSG00000174032.17"	"SLC25A30"	chr13	-	45408926	45409074	45411361	45411480	45405882	45405977	45418299	45418380	4369	0,0,0	0,0,1	0,0,2	0,0,0	198	198	1	1.0	NA,NA,0.0	NA,NA,1.0	-1.0
4402	"ENSG00000135297.17"	"MTO1"	chr6	+	73480674	73480805	73482448	73482620	73479935	73480367	73492233	73492352	4402	1,4,4	0,1,0	1,0,0	0,0,0	198	198	1	1.0	1.0,0.8,1.0	1.0,NA,NA	-0.067
4432	"ENSG00000033627.18"	"ATP6V0A1"	chr17	+	42468009	42468107	42470089	42470218	42466428	42466507	42477656	42477742	4432	0,4,0	0,0,0	0,0,0	4,0,0	197	198	1	1.0	NA,1.0,NA	0.0,NA,NA	1.0
4433	"ENSG00000033627.18"	"ATP6V0A1"	chr17	+	42468009	42468107	42470089	42470218	42466428	42466507	42477659	42477742	4433	0,4,0	0,0,2	0,0,0	4,0,0	197	198	1	1.0	NA,1.0,0.0	0.0,NA,NA	0.5
4502	"ENSG00000123349.15"	"PFDN5"	chr12	+	53295838	53295941	53296453	53296551	53295541	53295639	53297849	53297924	4502	0,4,5	0,0,0	1,0,7	0,0,2	198	197	1	1.0	NA,1.0,1.0	1.0,NA,0.777	0.111
4504	"ENSG00000123349.15"	"PFDN5"	chr12	+	53296218	53296275	53296429	53296467	53295838	53295941	53297849	53297924	4504	0,0,1	0,0,0	0,0,1	0,2,0	156	137	1	1.0	NA,NA,1.0	NA,0.0,1.0	0.5
4505	"ENSG00000123349.15"	"PFDN5"	chr12	+	53296218	53296275	53296429	53296551	53295838	53295941	53297849	53297924	4505	0,0,1	0,0,0	0,0,1	0,2,0	156	198	1	1.0	NA,NA,1.0	NA,0.0,1.0	0.5
4506	"ENSG00000123349.15"	"PFDN5"	chr12	+	53296243	53296275	53296429	53296467	53295838	53295941	53297849	53297924	4506	1,0,1	0,0,0	2,0,2	0,2,0	131	137	1	1.0	1.0,NA,1.0	1.0,0.0,1.0	0.333
4507	"ENSG00000123349.15"	"PFDN5"	chr12	+	53296243	53296275	53296429	53296551	53295838	53295941	53297849	53297924	4507	1,0,1	0,0,0	2,0,2	0,2,0	131	198	1	1.0	1.0,NA,1.0	1.0,0.0,1.0	0.333
4508	"ENSG00000257379.1"	"ENSG00000257379"	chr12	+	53464759	53464852	53465931	53465973	53462492	53462567	53467220	53467528	4508	1,3,16	1,4,10	2,5,2	3,2,3	192	141	0.745860196504	1.0	0.423,0.355,0.54	0.329,0.647,0.329	0.004
4526	"ENSG00000092841.19"	"MYL6"	chr12	+	56159497	56159622	56159622	56159730	56158683	56158711	56159974	56160148	4526	0,0,1	5,5,16	0,0,0	18,1,20	198	198	1	1.0	0.0,0.0,0.059	0.0,0.0,0.0	0.02
4527	"ENSG00000092841.19"	"MYL6"	chr12	+	56159586	56159622	56159622	56159730	56158683	56158711	56159974	56160148	4527	0,0,1	5,5,16	2,0,0	18,1,20	135	198	1	1.0	0.0,0.0,0.084	0.14,0.0,0.0	-0.019
4609	"ENSG00000076248.12"	"UNG"	chr12	+	109101901	109101999	109102838	109102927	109099188	109099284	109103432	109103611	4609	0,4,0	0,0,0	0,0,0	2,0,0	197	188	1	1.0	NA,1.0,NA	0.0,NA,NA	1.0
4612	"ENSG00000143727.16"	"ACP1"	chr2	+	272036	272150	272191	272305	271865	271939	275139	275201	4612	3,0,0	0,0,0	6,0,0	0,0,3	198	198	1	1.0	1.0,NA,NA	1.0,NA,0.0	0.5
4620	"ENSG00000184047.21"	"DIABLO"	chr12	-	122224511	122224644	122224644	122224748	122218265	122218397	122225964	122226052	4620	0,0,1	0,0,1	0,2,0	0,0,3	198	198	1	1.0	NA,NA,0.5	NA,1.0,0.0	0.0
4631	"ENSG00000112787.14"	"FBRSL1"	chr12	+	132571067	132571231	132571306	132571524	132570334	132570540	132572287	132572344	4631	1,6,2	0,0,2	0,0,1	0,1,0	198	198	1	1.0	1.0,1.0,0.5	NA,0.0,1.0	0.333
4633	"ENSG00000012817.16"	"KDM5D"	chrY	-	19739527	19739662	19741317	19741488	19735620	19735750	19741734	19741857	4633	0,5,0	0,1,0	0,0,0	2,0,0	198	198	1	1.0	NA,0.833,NA	0.0,NA,NA	0.833
4651	"ENSG00000136104.21"	"RNASEH2B"	chr13	+	50929474	50929582	50930682	50930759	50927406	50927478	50934884	50934999	4651	0,2,2	0,0,3	0,0,2	0,0,0	198	176	1	1.0	NA,1.0,0.372	NA,NA,1.0	-0.314
4653	"ENSG00000122566.22"	"HNRNPA2B1"	chr7	-	26191421	26191650	26192300	26192338	26190992	26191128	26192494	26192577	4653	0,1,0	2,0,0	0,0,6	0,0,0	137	198	1	1.0	0.0,1.0,NA	NA,NA,1.0	-0.5
4654	"ENSG00000122566.22"	"HNRNPA2B1"	chr7	-	26193574	26193598	26193598	26193694	26193250	26193373	26195846	26195909	4654	1,6,7	0,0,1	5,0,4	0,1,2	195	123	0.282721681839	1.0	1.0,1.0,0.815	1.0,0.0,0.558	0.419
4655	"ENSG00000122566.22"	"HNRNPA2B1"	chr7	-	26193574	26193652	26195846	26195909	26193250	26193373	26196400	26196481	4655	3,6,4	1,0,3	10,0,4	2,8,15	162	177	0.00497075136422	0.411329675389205	0.766,1.0,0.593	0.845,0.0,0.226	0.429
4662	"ENSG00000171503.13"	"ETFDH"	chr4	+	158697558	158697699	158698986	158699130	158695496	158695643	158703422	158703591	4662	0,0,3	0,0,0	0,0,0	0,0,2	198	198	1	1.0	NA,NA,1.0	NA,NA,0.0	1.0
4686	"ENSG00000167110.19"	"GOLGA2"	chr9	-	128268419	128268524	128272784	128272865	128268116	128268160	128273849	128273972	4686	0,1,0	0,0,2	0,0,0	0,0,1	180	198	1	1.0	NA,1.0,0.0	NA,NA,0.0	0.5
4690	"ENSG00000100503.27"	"NIN"	chr14	-	50744242	50744365	50747991	50748105	50743415	50743529	50752517	50752733	4690	1,1,0	0,1,1	0,0,1	0,0,0	198	198	1	1.0	1.0,0.5,0.0	NA,NA,1.0	-0.5
4700	"ENSG00000065911.13"	"MTHFD2"	chr2	+	74201381	74201479	74205704	74205889	74198614	74198742	74207703	74207826	4700	1,0,0	0,0,0	0,0,0	1,0,0	197	198	1	1.0	1.0,NA,NA	0.0,NA,NA	1.0
4716	"ENSG00000101596.17"	"SMCHD1"	chr18	+	2760651	2760739	2762104	2762236	2752487	2752552	2763636	2763789	4716	0,0,2	0,2,2	0,0,0	0,0,1	187	198	1	1.0	NA,0.0,0.514	NA,NA,0.0	0.257
4721	"ENSG00000153071.15"	"DAB2"	chr5	-	39382617	39383271	39388304	39388367	39381453	39381616	39388798	39388852	4721	0,0,2	0,0,2	0,1,0	0,0,0	162	198	1	1.0	NA,NA,0.55	NA,1.0,NA	-0.45
